-1642640.9673783963   -3664657.9073601156   4939866.076338866
-1642640.3282607947   -3664657.453628992   4939864.662008864
-1642641.0272801355   -3664658.4749177066   4939863.686722571
-1642640.6862775178   -3664657.4122726847   4939863.45774037
-1642641.452729463   -3664659.2303756406   4939864.024459667
-1642640.6084641025   -3664658.864306227   4939863.7697655335
-1642640.721512377   -3664659.4551060176   4939863.068345315
-1642641.2234907474   -3664658.0384172364   4939864.367925874
-1642640.7223946073   -3664658.229542117   4939863.723146867
-1642640.7862398247   -3664658.823168604   4939864.182643953
-1642641.8695057267   -3664659.1089521227   4939863.586886557
-1642641.096398923   -3664658.742289291   4939864.381334904
-1642641.0759602026   -3664658.6842496563   4939864.146133038
-1642641.4622771638   -3664658.098221788   4939864.6454720935
-1642641.2083894177   -3664658.4865136105   4939864.035776107
-1642642.1650826384   -3664658.617744176   4939863.84132082
-1642642.0052838644   -3664659.9403512646   4939865.209737411
-1642641.4166254983   -3664659.142632559   4939863.855146454
-1642642.377123336   -3664660.540475573   4939863.484701588
-1642641.9806765052   -3664659.3120006686   4939863.610328919
-1642641.515087155   -3664659.3542477395   4939864.353666613
-1642640.9944241212   -3664659.048536558   4939863.840056399
-1642642.1139363884   -3664658.7392404047   4939864.486447329
-1642641.5619606716   -3664658.1126914257   4939864.0905971825
-1642642.3085857544   -3664657.7536847973   4939865.2983832555
-1642640.9998644127   -3664658.65037448   4939864.695839849
-1642641.1989057628   -3664658.9217225313   4939864.859038519
-1642641.542065707   -3664659.804266216   4939864.332190634
-1642641.4045569864   -3664659.48518631   4939863.936458797
-1642641.0576156396   -3664659.295571547   4939863.953124674
-1642640.5720110894   -3664658.955456428   4939864.077077054
-1642640.8696209432   -3664658.7152219787   4939864.503560857
-1642641.7168006198   -3664658.5593370767   4939863.3700850485
-1642640.462668191   -3664658.5456381273   4939863.035468038
-1642640.6251230603   -3664658.117279331   4939862.469346937
-1642641.1347830098   -3664659.0215049796   4939863.202295591
-1642641.009952284   -3664657.9921202194   4939862.63149213
-1642640.9338930426   -3664658.3952360977   4939864.051847397
-1642640.7310874676   -3664659.0669640317   4939863.747201412
-1642640.578157238   -3664657.4622989027   4939863.542670311
-1642640.6924762535   -3664657.8256191327   4939862.824486716
-1642640.3831418161   -3664657.0774050406   4939863.548323072
-1642640.7326559129   -3664658.811841473   4939862.91529306
-1642640.1975204903   -3664658.048728306   4939864.116230785
-1642640.4619072296   -3664657.7357500163   4939863.633101634
-1642641.0402495887   -3664658.15272474   4939864.418019941
-1642640.6526122787   -3664658.199428372   4939863.779671768
-1642641.0969943232   -3664658.7735251654   4939864.698540892
-1642641.3397878963   -3664658.9722679825   4939864.869482172
-1642641.1450380285   -3664658.9977790588   4939864.726942807
-1642640.8721506235   -3664658.7562175808   4939866.364304273
-1642641.0434684926   -3664660.1663873442   4939865.421885521
-1642640.557559725   -3664659.491119634   4939864.376483869
-1642639.9117220498   -3664658.4833968435   4939865.387825392
-1642640.043796787   -3664658.429995116   4939864.734532334
-1642640.3400886715   -3664658.5181464483   4939864.646435086
-1642639.8684671815   -3664658.667839765   4939864.3025143575
-1642640.7035212598   -3664659.2221017526   4939863.167614985
-1642640.6461534998   -3664658.79078276   4939863.487424437
-1642640.3664286507   -3664658.935583321   4939862.762405906
-1642640.704213658   -3664658.7674874635   4939863.533287092
-1642640.3474407517   -3664658.53172173   4939864.207157929
-1642640.3150284209   -3664658.278967797   4939864.432937197
-1642640.0189481024   -3664658.860684148   4939864.85583143
-1642640.5280927883   -3664658.6865069536   4939864.123480047
-1642640.580292082   -3664658.800318901   4939864.48501096
-1642640.6569114083   -3664658.9502998814   4939864.965211239
-1642640.7936425514   -3664659.898499384   4939864.378940768
-1642640.631803409   -3664658.2053794283   4939864.828555078
-1642640.141906007   -3664658.0110732457   4939864.5549252955
-1642640.4281432626   -3664658.6514083683   4939864.618001725
-1642640.8091786837   -3664659.4354999517   4939864.899220609
-1642640.1497367842   -3664659.629113808   4939864.859029581
-1642640.482107822   -3664658.5693523083   4939864.883565658
-1642640.2275169296   -3664659.4838588275   4939864.919732106
-1642640.6893235412   -3664658.9377545523   4939863.416291533
-1642640.9137672489   -3664658.9825731306   4939863.435258938
-1642639.9036507788   -3664658.2678039414   4939863.74713897
-1642640.0941017454   -3664657.7052065656   4939863.694392166
-1642639.892661239   -3664658.116592068   4939863.488339679
-1642639.720928044   -3664657.230665141   4939863.913491477
-1642640.3057337317   -3664658.267426598   4939864.092243774
-1642639.6815965213   -3664658.0675623124   4939863.697130839
-1642640.6035302724   -3664658.9564327477   4939864.0794797
-1642640.8836261039   -3664658.406492863   4939864.090460941
-1642640.5003657176   -3664658.4110416104   4939865.084785556
-1642640.2109472512   -3664658.5401377096   4939864.63126069
-1642640.954538665   -3664658.691397429   4939864.581690077
-1642640.8266167042   -3664658.11905795   4939864.823166832
-1642640.5755602566   -3664659.262900676   4939864.896073227
-1642641.9993206908   -3664659.3160711094   4939865.056313787
-1642641.1682960559   -3664658.93981048   4939865.896104764
-1642640.9457170211   -3664657.7300393847   4939865.755316353
-1642641.0407212253   -3664658.7214868506   4939866.047330696
-1642640.737940456   -3664658.063553681   4939865.662566783
-1642640.9144202748   -3664658.2196627897   4939864.642088094
-1642640.5907855083   -3664658.6916296226   4939864.30691831
-1642641.4865072875   -3664659.9289114466   4939864.04005819
-1642640.8557075937   -3664658.110458392   4939863.258078761
-1642641.2302493383   -3664659.0720772287   4939863.820207108
-1642641.190504904   -3664658.301111756   4939864.302898693
-1642642.3140015677   -3664657.761502435   4939865.519485782
-1642641.3653338281   -3664658.025139273   4939864.567504345
-1642640.7778019905   -3664659.4050086513   4939863.996283487
-1642641.7577239606   -3664659.2022212073   4939863.954960918
-1642640.7649270324   -3664658.7846198045   4939864.583034239
-1642641.5024018923   -3664659.0600361265   4939865.027711166
-1642641.4638974988   -3664658.9042512523   4939866.076513311
-1642641.6440079191   -3664659.8470177944   4939864.632986626
-1642641.2115931432   -3664658.971945316   4939864.389668448
-1642641.625483154   -3664658.121591107   4939866.1334423665
-1642642.5266501051   -3664659.9192993366   4939865.88851344
-1642642.1331047944   -3664659.166913059   4939864.693915948
-1642642.095451289   -3664658.7329644687   4939866.1375915045
-1642642.0014346503   -3664659.0984361703   4939865.708081471
-1642642.2066824625   -3664658.573634031   4939865.931621711
-1642641.017801655   -3664657.9716647817   4939866.138307682
-1642641.417030274   -3664658.215601435   4939865.673164699
-1642641.7369556655   -3664659.2700136025   4939865.79353557
-1642641.3222284473   -3664658.888350058   4939865.103383456
-1642641.763899764   -3664657.7629674887   4939865.3396163825
-1642641.8543505361   -3664657.9895591475   4939864.85787214
-1642641.7160433216   -3664658.518916468   4939865.951343968
-1642640.7636633734   -3664658.7233167137   4939864.694490131
-1642641.720046257   -3664659.601942665   4939865.0910006
-1642642.0077766986   -3664659.086725918   4939865.539585595
-1642641.3582555766   -3664657.8768004477   4939866.512013997
-1642641.4458903142   -3664657.9616110884   4939866.025029744
-1642641.6639391088   -3664658.2748710783   4939866.081067622
-1642642.3690448925   -3664657.454192243   4939865.766465733
-1642641.7459130557   -3664657.7493039747   4939865.762645109
-1642641.830201633   -3664658.137331232   4939865.701097774
-1642641.5865632836   -3664656.9452822083   4939865.597385745
-1642641.5610792553   -3664658.16506204   4939864.520433628
-1642641.1948000556   -3664657.707694496   4939863.9408874875
-1642641.2427908604   -3664657.6675552013   4939863.889439042
-1642640.9768709152   -3664657.8836476007   4939863.237793445
-1642641.7686861637   -3664658.6823344077   4939864.084221636
-1642641.030605791   -3664658.2893416197   4939865.0675938865
-1642641.6980207635   -3664657.8008278003   4939865.266416192
-1642641.7469555212   -3664658.0668862206   4939864.400658717
-1642641.0975030344   -3664657.704659538   4939865.279564697
-1642641.5475885945   -3664658.060591147   4939865.1397966985
-1642641.7415994897   -3664658.956701014   4939866.582723496
-1642641.2053449266   -3664657.8002760583   4939866.051567772
-1642641.1858279617   -3664658.046247186   4939866.255636293
-1642641.7361834145   -3664657.2847062065   4939866.37170874
-1642641.4761821372   -3664658.3053326495   4939866.594366601
-1642640.9221705515   -3664657.909592442   4939866.756686951
-1642641.2113109806   -3664658.3231026325   4939866.180652345
-1642640.934405446   -3664658.4307519756   4939864.301094495
-1642640.866014122   -3664658.7416615887   4939864.623817517
-1642641.0859784612   -3664658.047919641   4939864.629429132
-1642640.9390098793   -3664657.992170167   4939864.061498625
-1642641.5673601762   -3664658.6300452687   4939862.199438686
-1642640.2737777499   -3664658.8842973523   4939862.233631181
-1642641.0192135803   -3664658.0328554385   4939862.918325039
-1642641.4368108835   -3664658.494248699   4939863.165721406
-1642641.2586271171   -3664658.235680255   4939862.93818451
-1642641.4097418252   -3664658.1132343314   4939864.123149108
-1642641.3316743837   -3664657.6651526755   4939863.890305431
-1642640.813211688   -3664658.3610797143   4939863.87042869
-1642641.5536654207   -3664658.6232336443   4939863.472736102
-1642640.8303319828   -3664658.2585342275   4939864.369890359
-1642640.6461678909   -3664659.1556629497   4939863.930393627
-1642641.218193591   -3664659.286034134   4939864.59086163
-1642640.6068040207   -3664658.423620503   4939864.711031879
-1642641.5736341889   -3664657.3784610243   4939864.008712126
-1642641.4806320465   -3664658.152016188   4939864.515142835
-1642641.8333670232   -3664659.1480065254   4939864.172951574
-1642641.2544420853   -3664659.12946777   4939863.454423161
-1642642.2036548743   -3664659.440172025   4939862.870900527
-1642641.6732672292   -3664658.832271964   4939864.289756238
-1642641.2882726383   -3664657.974259372   4939864.490712286
-1642641.6204467295   -3664659.663110522   4939864.094031162
-1642641.9976605938   -3664658.1005017716   4939864.41099257
-1642641.4894012315   -3664659.2367959428   4939863.550602011
-1642641.4849426902   -3664658.685338711   4939863.147135713
-1642641.7194474195   -3664659.2915584743   4939863.5156118
-1642641.3329966662   -3664658.763917142   4939864.673937481
-1642641.4140576255   -3664658.969699982   4939864.593847291
-1642641.0792603754   -3664658.703790278   4939864.209129689
-1642641.8375235554   -3664659.1757665253   4939864.188920958
-1642641.4539063764   -3664659.4886102723   4939862.915410936
-1642641.9408828283   -3664658.337053752   4939864.846893077
-1642642.1178637855   -3664658.7366731525   4939864.800107871
-1642642.4095872343   -3664657.975351046   4939865.180452717
-1642642.2084247016   -3664658.735876681   4939864.995868305
-1642641.1269066534   -3664658.5418535117   4939865.947822913
-1642641.6750052234   -3664658.1011559865   4939865.315458078
-1642641.2080698996   -3664658.7934437227   4939865.132362733
-1642641.9012291594   -3664658.965466084   4939863.775884112
-1642641.473060736   -3664659.107563987   4939864.324989487
-1642641.4167198306   -3664659.272824182   4939863.776211212
-1642641.9068453829   -3664659.0143404477   4939865.421349236
-1642641.2752042166   -3664658.8362691025   4939866.428767308
-1642641.4986509394   -3664658.5893888595   4939865.222146301
-1642642.4095663887   -3664658.502919489   4939866.212782089
-1642641.8066232908   -3664658.242213577   4939866.495853118
-1642641.3187481333   -3664658.9454882513   4939865.613269831
-1642641.6900931748   -3664659.212594061   4939863.896043989
-1642641.6699219295   -3664659.4600324263   4939865.266604254
-1642641.7148424324   -3664659.215328672   4939865.713012541
-1642641.2519821161   -3664659.3965838673   4939864.367174976
-1642641.1105693856   -3664658.072144048   4939865.075530798
-1642641.5683151241   -3664658.370506592   4939865.179937858
-1642641.3226157858   -3664658.8231119686   4939864.834918627
-1642642.2988973297   -3664659.1503687603   4939865.383036133
-1642641.6656236863   -3664657.9780858075   4939865.609092407
-1642641.2541212148   -3664659.4210782256   4939864.1123361075
-1642641.6218454193   -3664659.390945902   4939863.32147834
-1642640.9833229294   -3664658.877562936   4939863.690095821
-1642640.4356815196   -3664658.774976332   4939863.164660288
-1642640.958210316   -3664658.2823989852   4939864.672840886
-1642640.970443172   -3664657.4431270985   4939864.327690915
-1642642.308757797   -3664658.2826958187   4939863.821731898
-1642643.0339411825   -3664658.7226354848   4939864.572048481
-1642645.1287368764   -3664658.427698217   4939873.468813346
-1642646.2313990814   -3664657.6655084477   4939870.384528661
-1642648.4538722127   -3664657.4756791308   4939865.8808588
-1642650.4919679281   -3664654.863389399   4939863.795359629
-1642651.9568775313   -3664651.903827807   4939865.216244408
-1642653.682596515   -3664649.8504528846   4939863.900451768
-1642653.4370178513   -3664647.203497922   4939866.430130186
-1642653.5519237625   -3664645.0111977905   4939867.354232873
-1642652.5772944724   -3664642.082309747   4939870.400643704
-1642653.0283200617   -3664641.319618821   4939871.746616595
-1642652.6791564107   -3664639.1945538404   4939873.004447333
-1642651.9143670076   -3664638.0792117175   4939874.231158477
-1642650.1566140149   -3664636.209998738   4939875.530317058
-1642650.7329102496   -3664635.7194536235   4939876.21629237
-1642650.1302594081   -3664634.284544685   4939876.849327177
-1642648.3690162092   -3664634.7487799227   4939877.414512781
-1642647.4240684262   -3664634.051967734   4939878.011348183
-1642646.1923036082   -3664633.8361935127   4939880.346086795
-1642642.8912256807   -3664632.971182069   4939881.297482622
-1642640.3649385432   -3664633.6612548768   4939882.115802012
-1642638.4036677897   -3664634.4179029926   4939881.803805517
-1642636.9416226118   -3664635.4455007864   4939881.873546389
-1642634.54769567   -3664635.021900968   4939881.904187028
-1642632.2437399698   -3664636.0598795014   4939882.534381236
-1642628.7461723213   -3664637.227546286   4939882.209253611
-1642627.5830176221   -3664637.1054236856   4939881.071554799
-1642625.9879352858   -3664639.4153808276   4939880.225553258
-1642623.9448984824   -3664641.2863226123   4939880.518475406
-1642621.330195383   -3664642.828494138   4939881.319724464
-1642619.2390846033   -3664642.597714836   4939880.170345484
-1642617.7270565012   -3664643.032995541   4939881.220317586
-1642616.8871695485   -3664642.848376514   4939882.549186969
-1642614.6924091794   -3664641.9929217817   4939883.403928926
-1642613.2529281988   -3664642.6801443677   4939883.635594544
-1642612.746561148   -3664640.793281296   4939887.221320775
-1642612.1433792138   -3664638.985506204   4939887.034181273
-1642613.7990086759   -3664637.040420376   4939888.241289957
-1642615.06638786   -3664636.5962101435   4939887.688310778
-1642617.7475553984   -3664636.0649717133   4939887.372648239
-1642620.3959707096   -3664637.2007324435   4939887.061584423
-1642623.5535472806   -3664634.7010170585   4939887.527699287
-1642627.7958560584   -3664633.6251762826   4939887.561980762
-1642630.625433079   -3664631.5961987507   4939889.382140945
-1642633.5618407174   -3664630.9792596344   4939887.701682072
-1642637.3589894853   -3664629.370251231   4939886.6778010065
-1642642.2652900408   -3664626.656827294   4939887.252247163
-1642647.1726086107   -3664625.5439227438   4939886.647941682
-1642651.3693546616   -3664622.5748645915   4939886.6503996225
-1642656.7957204727   -3664621.1097892807   4939885.980497814
-1642661.882993197   -3664619.0760970847   4939885.6246410925
-1642665.3969581523   -3664615.759989019   4939885.657974448
-1642670.5256488773   -3664613.9704830456   4939884.9374490725
-1642675.7567199508   -3664612.9821164175   4939883.841488527
-1642680.0823791255   -3664611.613192821   4939883.861051616
-1642683.0093193867   -3664608.5924349804   4939883.794940392
-1642688.5206688931   -3664607.5499067227   4939884.717408407
-1642693.801711135   -3664605.507716962   4939885.197208817
-1642700.1865223772   -3664604.4519683057   4939883.214191763
-1642704.4567030603   -3664602.9429997853   4939884.196790077
-1642709.2629066778   -3664600.358287576   4939884.274003366
-1642715.128687979   -3664597.952141773   4939884.540289481
-1642719.9413814687   -3664595.5499754804   4939884.728785323
-1642726.680132208   -3664594.6120942445   4939883.705667518
-1642731.7549252   -3664593.034393482   4939882.484978139
-1642737.8780977677   -3664589.72513058   4939882.037757475
-1642745.0378174013   -3664589.691671015   4939880.172653094
-1642750.1317864826   -3664587.027972637   4939879.007251022
-1642757.5852041412   -3664584.9147553337   4939877.868212994
-1642763.8571521014   -3664583.9048674707   4939876.2736802995
-1642771.3657505268   -3664582.3744332716   4939874.131420791
-1642778.838395456   -3664581.124783895   4939873.289585693
-1642784.8564991762   -3664579.8559644944   4939873.028801839
-1642792.426398757   -3664578.8329565874   4939871.865908424
-1642799.070028046   -3664578.1067277095   4939870.729191714
-1642805.720158441   -3664576.74377474   4939868.536225072
-1642812.545409076   -3664575.5532837524   4939868.316898683
-1642819.7022282132   -3664575.210700934   4939865.209296109
-1642826.1439910927   -3664574.6093894253   4939862.857402393
-1642834.1231428154   -3664573.524299746   4939862.234472608
-1642840.452539282   -3664573.4335025814   4939859.609079355
-1642847.0108716995   -3664573.4116805797   4939857.802528411
-1642853.7698409793   -3664573.5598981637   4939856.335017394
-1642859.7718917392   -3664574.037582635   4939852.415974554
-1642866.3088050694   -3664574.340354076   4939852.691304317
-1642871.856649021   -3664573.860944913   4939849.9492029315
-1642878.3025198705   -3664572.9393339455   4939848.231743835
-1642883.7101758695   -3664572.4712053384   4939845.809525581
-1642889.2510528436   -3664572.202467804   4939843.561350924
-1642894.709164096   -3664572.280554368   4939842.22291726
-1642899.8397522226   -3664574.290406697   4939839.617069141
-1642902.93676703   -3664572.817864423   4939840.212159877
-1642905.1061496402   -3664573.058815505   4939838.893611105
-1642907.5763596753   -3664573.464974399   4939837.950244587
-1642908.745904447   -3664573.7623018315   4939837.07361339
-1642911.0089180765   -3664574.1202756385   4939836.4329947615
-1642913.0402846506   -3664574.7992105177   4939836.782431987
-1642915.1176498863   -3664576.607600086   4939834.136023151
-1642916.1754966262   -3664578.4215794695   4939832.337139237
-1642917.9665429313   -3664579.268852571   4939831.414366457
-1642917.9983756286   -3664581.0516091995   4939829.308940567
-1642920.1080925723   -3664582.830838173   4939828.138634972
-1642920.230988958   -3664584.9672749317   4939824.567250433
-1642920.5314125603   -3664588.609998684   4939822.180654148
-1642920.4501559564   -3664591.564627137   4939820.108746843
-1642921.142607723   -3664593.891625374   4939819.084335564
-1642920.3369553434   -3664597.620692965   4939816.611842631
-1642919.7405376649   -3664601.204852669   4939814.589377935
-1642919.4941547634   -3664605.339763551   4939811.307196375
-1642918.1019796985   -3664608.2613382605   4939808.67844004
-1642917.6844696917   -3664613.8169298093   4939805.6212810865
-1642917.247508415   -3664617.824042414   4939803.533119285
-1642915.5289385428   -3664622.546322155   4939800.34253557
-1642913.5020166428   -3664626.4510411923   4939796.881623399
-1642913.2636946887   -3664632.9485094645   4939792.722745753
-1642911.8127634753   -3664637.7923684395   4939790.510840012
-1642910.9096056852   -3664643.188018728   4939786.119819954
-1642909.5093495748   -3664646.6057549147   4939782.588708535
-1642909.1435347132   -3664652.4178100587   4939780.415359837
-1642907.0646466054   -3664657.401875535   4939777.196000637
-1642905.22160482   -3664663.025937054   4939772.747711682
-1642904.3464927285   -3664668.8770250916   4939767.926844866
-1642902.8864963122   -3664675.310410526   4939764.615641842
-1642900.7187860054   -3664681.6864008713   4939759.799930197
-1642899.964801919   -3664686.2868148615   4939755.896373245
-1642897.7431322644   -3664694.0485399086   4939748.597813812
-1642898.047323783   -3664700.500566661   4939743.547066843
-1642896.947890951   -3664706.256268589   4939739.414532611
-1642894.1958233314   -3664711.7254859563   4939735.910317542
-1642892.1036088807   -3664718.6484925146   4939731.597174088
-1642890.3406449498   -3664726.3247330277   4939728.739192281
-1642889.6578736398   -3664734.2637876137   4939723.5356108025
-1642887.0550089166   -3664742.3812879045   4939718.83283296
-1642886.4164570146   -3664748.449897989   4939713.531673537
-1642882.9027092275   -3664757.2606013687   4939709.894814346
-1642882.8017390561   -3664764.253721155   4939706.027814083
-1642880.5697996926   -3664769.4734583427   4939700.672774487
-1642878.514694167   -3664777.553459319   4939697.273829195
-1642877.3209046933   -3664785.610720994   4939692.678905723
-1642875.9828648544   -3664792.6291841133   4939687.56866659
-1642874.9118778736   -3664799.9765014634   4939682.515041333
-1642872.7902405893   -3664806.979817681   4939679.75270006
-1642870.4826601665   -3664813.7735366463   4939673.936176793
-1642868.993973183   -3664820.9044067487   4939669.3996903505
-1642867.7427756877   -3664829.7229861263   4939662.979839805
-1642866.1600571147   -3664837.03870687   4939658.275057357
-1642863.4524359857   -3664843.7254256294   4939654.080460327
-1642862.5509257917   -3664850.3395245625   4939648.00042141
-1642860.4461132209   -3664857.301613681   4939644.473359498
-1642858.9662245922   -3664866.696772575   4939639.536816272
-1642856.0539796867   -3664874.4678218924   4939631.744213855
-1642855.027167694   -3664882.0211045775   4939626.631965025
-1642852.008869314   -3664890.1113778697   4939621.635531461
-1642850.672463626   -3664900.603966361   4939614.260017237
-1642848.422000436   -3664907.8701068675   4939610.090627233
-1642846.300353424   -3664916.5113831284   4939604.692243828
-1642844.971318588   -3664923.7037048466   4939600.3103957875
-1642844.703452641   -3664929.5417612935   4939596.491020755
-1642843.4160403744   -3664933.8607031577   4939592.19338801
-1642842.0367699151   -3664938.425112533   4939589.718799243
-1642841.1980633708   -3664942.7544805096   4939586.6962465085
-1642841.6262828026   -3664942.9304970647   4939584.264510836
-1642839.556061244   -3664943.429760219   4939573.515136568
-1642842.0120988435   -3664945.772991194   4939589.757054483
-1642842.0317594123   -3664947.6723222253   4939586.6457638275
-1642842.7303945452   -3664949.2688541054   4939583.817014485
-1642844.643769346   -3664951.2687722035   4939581.1704564495
-1642847.008050964   -3664954.365617253   4939576.137632052
-1642848.876609194   -3664953.742394099   4939576.024423615
-1642852.110093115   -3664953.678427661   4939574.420218818
-1642855.055600944   -3664954.920931999   4939570.780129716
-1642859.5443213943   -3664956.419510379   4939568.15320674
-1642863.058288745   -3664955.395525732   4939566.729803439
-1642867.7972384198   -3664955.2000991562   4939565.220919458
-1642873.510858073   -3664955.7549990094   4939564.339216039
-1642878.1957533017   -3664954.7822042373   4939563.547903923
-1642882.653340258   -3664954.601287393   4939561.337455174
-1642887.980913316   -3664956.0972483526   4939559.085621858
-1642893.169250109   -3664955.0554827917   4939559.400663484
-1642897.803680904   -3664954.5866805073   4939556.636166617
-1642902.7395719434   -3664955.7563379123   4939554.656635482
-1642907.63382175   -3664955.0949328127   4939553.617766278
-1642912.9042739484   -3664954.5104960185   4939551.640181026
-1642918.3045892732   -3664955.997151749   4939549.980657673
-1642923.0409485619   -3664953.6533919973   4939548.861964898
-1642929.4393783223   -3664954.925109323   4939545.870628261
-1642936.1038844837   -3664955.4916973147   4939543.962397402
-1642942.2874917458   -3664954.885591168   4939541.610651923
-1642948.4090822516   -3664954.431669696   4939539.205558937
-1642955.4547656954   -3664955.158337208   4939536.940277984
-1642961.280026918   -3664953.7782887984   4939534.859436758
-1642966.669473352   -3664955.6624151464   4939532.148887876
-1642973.0940342278   -3664953.7923499034   4939531.793350485
-1642979.4679506759   -3664955.290118353   4939529.611028443
-1642985.826381752   -3664954.873252298   4939527.849078999
-1642992.2240044174   -3664955.020316541   4939526.068158226
-1642998.684095505   -3664953.7698416547   4939525.206987042
-1643005.511279871   -3664955.1023270357   4939521.619469003
-1643011.3109895715   -3664954.513810454   4939518.89172007
-1643017.788452864   -3664954.0316238566   4939516.835790167
-1643024.5775664079   -3664955.2056625234   4939514.108086048
-1643031.4680842522   -3664954.207525935   4939510.048950847
-1643036.7978355917   -3664953.601162567   4939509.607452681
-1643044.4542992131   -3664955.0254311454   4939506.765659048
-1643049.0976751978   -3664954.6708064815   4939505.32394877
-1643056.219478783   -3664954.277511109   4939503.712901762
-1643060.4084564596   -3664954.3244857597   4939502.516743759
-1643066.2340223372   -3664954.342815316   4939499.381948781
-1643071.7916916793   -3664954.9404858844   4939496.886911587
-1643078.1362454768   -3664954.8851037873   4939495.6310026795
-1643083.4725747902   -3664954.1465319647   4939494.592970417
-1643087.848058741   -3664952.6856952496   4939493.216169988
-1643093.0934394982   -3664953.843133472   4939490.7816566555
-1643099.456367912   -3664952.093063316   4939490.036367068
-1643105.2728874963   -3664948.5913383057   4939491.173532277
-1643109.562896025   -3664946.391545028   4939489.038150656
-1643116.0414509368   -3664945.1411957666   4939489.1934862025
-1643120.9455394873   -3664940.9505124623   4939490.309940911
-1643127.2096772487   -3664937.2524070754   4939490.368291918
-1643133.2792444192   -3664936.0171469105   4939490.109930626
-1643139.1659879617   -3664932.3242988274   4939490.289239752
-1643145.5475091655   -3664930.4764415775   4939492.023300649
-1643151.1833817638   -3664927.8882104317   4939491.865832247
-1643156.6470516426   -3664923.4750538697   4939493.533076695
-1643162.2669963958   -3664921.069056106   4939493.193133687
-1643167.9355009228   -3664917.279034452   4939493.273832011
-1643173.3297213574   -3664911.952566818   4939495.40121884
-1643178.3158451957   -3664907.3548653913   4939497.663831016
-1643183.2174171773   -3664903.177971749   4939499.645887062
-1643186.8116190657   -3664897.298369052   4939502.120742986
-1643190.8354893255   -3664891.4187399996   4939504.984016005
-1643193.5494291207   -3664884.7704385933   4939508.364230717
-1643195.595061844   -3664879.4507078584   4939512.592990336
-1643195.765861198   -3664872.778429937   4939515.947427589
-1643196.9520504817   -3664868.6384226144   4939519.786894431
-1643197.8987778062   -3664861.7829206814   4939523.895617698
-1643198.6788149746   -3664857.3031797893   4939526.642272756
-1643199.2791093069   -3664850.6194623755   4939531.42681308
-1643199.4146130376   -3664846.134245599   4939534.104124237
-1643200.9770223354   -3664839.2554130047   4939539.437823588
-1643202.2611256328   -3664833.7667602343   4939542.714179134
-1643202.6684707198   -3664826.6487798337   4939547.291425217
-1643204.0808921987   -3664820.4171340493   4939552.624372944
-1643204.940033256   -3664817.9673560457   4939554.598295761
-1643206.266307016   -3664812.3422575006   4939559.477602515
-1643206.2544234348   -3664807.1962578013   4939564.247041657
-1643206.8024440953   -3664800.798507902   4939568.204804189
-1643206.9942399291   -3664794.995511178   4939571.983351656
-1643208.1436516407   -3664790.751979694   4939574.97453381
-1643209.277151091   -3664784.694539941   4939578.387471251
-1643209.5273348263   -3664777.2838633875   4939582.655961422
-1643210.1150466842   -3664770.929518818   4939586.650180621
-1643212.362631361   -3664766.424455133   4939590.303552135
-1643212.653162414   -3664761.097077679   4939596.112934403
-1643213.7297000804   -3664755.2535514077   4939599.739794234
-1643214.4976138852   -3664749.337375671   4939603.335396177
-1643214.7231338837   -3664743.322215008   4939607.454477406
-1643214.7904854082   -3664738.028187954   4939609.816797498
-1643215.8390230876   -3664732.246580031   4939614.154976896
-1643215.7469106745   -3664727.982465187   4939618.724828847
-1643215.8524778045   -3664720.3149872175   4939623.972733325
-1643217.6066596461   -3664716.1321897698   4939629.103247256
-1643216.820326017   -3664709.3335062983   4939634.69702678
-1643216.8622576096   -3664704.233407346   4939637.891050859
-1643218.2308872028   -3664699.3016302427   4939640.921031604
-1643217.7318597233   -3664694.6948982296   4939645.381124709
-1643218.4210510335   -3664688.4741375316   4939649.090607642
-1643218.4296696158   -3664682.023719142   4939653.090225037
-1643217.49150131   -3664676.04268784   4939656.273911412
-1643217.4940776373   -3664670.223496686   4939660.869767005
-1643215.91198954   -3664665.561552637   4939665.895939244
-1643213.0119995715   -3664660.3593638493   4939670.460572742
-1643209.4691429595   -3664654.525094891   4939675.254462842
-1643206.805363307   -3664653.0878822934   4939678.928290425
-1643202.380526864   -3664649.257613224   4939683.814546194
-1643198.057953164   -3664645.633888569   4939687.188954555
-1643193.3911226871   -3664642.6284620655   4939690.77863241
-1643187.931078881   -3664639.818954908   4939695.043127394
-1643181.7398928741   -3664639.9147197437   4939698.203343482
-1643176.7118247363   -3664637.938120479   4939700.903388372
-1643169.7603396461   -3664635.8655125913   4939703.454023661
-1643164.1904263615   -3664636.2494290597   4939705.453413911
-1643158.549091639   -3664637.8484050254   4939707.199284531
-1643152.7860028648   -3664638.4502673037   4939709.771711196
-1643146.9826026298   -3664640.077526798   4939710.99434209
-1643139.2236328244   -3664639.8019726994   4939712.031435983
-1643132.1826229915   -3664642.5062067755   4939712.410013903
-1643126.0649744712   -3664644.2474295353   4939713.251094252
-1643119.1133827746   -3664646.7370710107   4939714.917898413
-1643111.9427868174   -3664649.656399229   4939714.990926822
-1643103.122993547   -3664651.1480826777   4939715.608903497
-1643095.3293126123   -3664651.4585441165   4939717.047310155
-1643088.103410259   -3664654.9842038807   4939719.029537592
-1643079.0941236722   -3664656.217085339   4939719.544587019
-1643071.0773278815   -3664659.322570892   4939720.342172004
-1643064.8657558074   -3664660.358356083   4939722.090407187
-1643058.0038602205   -3664662.0395983052   4939723.1552829305
-1643050.777114884   -3664663.4569137697   4939725.187688258
-1643044.3331642915   -3664664.1751340316   4939727.389476839
-1643036.9588399064   -3664665.2251944607   4939728.0100163035
-1643030.1453924123   -3664665.754704634   4939729.524609572
-1643023.402501419   -3664667.271501665   4939731.473682897
-1643016.4995494522   -3664669.3194447747   4939733.088043456
-1643009.8791690462   -3664671.407461077   4939734.00078547
-1643001.7673736182   -3664671.69934107   4939735.7984100655
-1642994.2258685625   -3664671.1975138737   4939738.158409068
-1642987.1207135997   -3664672.4352592905   4939740.133246042
-1642979.5744100125   -3664673.5018719872   4939741.154877227
-1642972.4080498372   -3664672.978014201   4939744.362223029
-1642964.9372700443   -3664673.6682206574   4939745.621779051
-1642959.4431590585   -3664673.074574366   4939749.736127141
-1642952.444312497   -3664673.575547745   4939750.976810184
-1642946.336092942   -3664673.2290246873   4939753.377407292
-1642940.58342682   -3664674.920254393   4939754.790629802
-1642933.7036369205   -3664675.3830288844   4939756.458278091
-1642927.5443992664   -3664674.7495319983   4939757.094486562
-1642921.3549598046   -3664673.5563857346   4939757.783567108
-1642918.023657598   -3664673.275393598   4939759.657315607
-1642914.699287713   -3664674.008546291   4939759.043247341
-1642913.8760592213   -3664675.3491156427   4939759.375134478
-1642910.3108216885   -3664671.778513179   4939747.000889881
-1642912.7346991734   -3664675.2021228247   4939764.270814641
-1642910.47239796   -3664675.6294657504   4939762.817295634
-1642908.0395349413   -3664676.102653671   4939762.168556214
-1642905.3458051942   -3664677.266598008   4939761.576034509
-1642902.471073797   -3664680.2025526334   4939760.662066069
-1642901.608081034   -3664684.057246557   4939758.020151223
-1642899.3027814545   -3664689.125354159   4939753.959979287
-1642898.8781396388   -3664694.166170402   4939750.190776075
-1642897.3124806571   -3664698.2419227255   4939746.713466768
-1642896.8651532196   -3664704.100682065   4939741.8746878775
-1642895.0138937077   -3664711.387001073   4939734.629948248
-1642892.381020171   -3664718.0678136987   4939729.939690738
-1642890.928168504   -3664725.0539640295   4939726.3033218635
-1642889.4583248885   -3664730.6631620224   4939723.152752889
-1642887.6580451715   -3664739.7525287503   4939719.847286081
-1642885.6697748057   -3664747.734514381   4939714.037407306
-1642884.389273998   -3664755.990416741   4939708.343833322
-1642882.8540506363   -3664763.9832008104   4939702.849880283
-1642880.9338012973   -3664771.141560708   4939695.868955898
-1642878.5133014533   -3664777.7387494813   4939692.015977488
-1642877.0653547961   -3664786.7847138518   4939686.618724572
-1642875.339522574   -3664793.4559871405   4939682.953437186
-1642872.9247628914   -3664801.2883806527   4939679.476850675
-1642872.1709863467   -3664809.3205770976   4939675.045244664
-1642869.896813915   -3664814.8983481047   4939671.212885408
-1642868.297446774   -3664821.856572715   4939666.6146517
-1642866.5217589117   -3664829.9675576235   4939662.448700152
-1642864.6014418113   -3664836.952819504   4939656.74021366
-1642863.5420238266   -3664843.2206275943   4939653.465865439
-1642862.1515938297   -3664849.3760350198   4939649.497201369
-1642859.5591465093   -3664857.9008017904   4939644.995884907
-1642858.703859133   -3664865.1004418493   4939639.707032579
-1642857.6725266152   -3664872.8370436183   4939635.2821825305
-1642855.3885920274   -3664877.948324896   4939630.604960737
-1642853.185596154   -3664885.31244059   4939626.36811928
-1642851.4958166739   -3664892.5524675543   4939621.017685289
-1642850.73372953   -3664899.601541866   4939616.419713684
-1642848.6232674415   -3664906.276086457   4939610.475202968
-1642846.6891867567   -3664914.1328161224   4939604.851794599
-1642845.685323373   -3664921.495149918   4939600.850936225
-1642844.359064643   -3664926.709043192   4939596.070706459
-1642842.9294760309   -3664932.2582270782   4939592.250332024
-1642841.6110358634   -3664937.664098889   4939589.297649265
-1642842.0743327287   -3664941.477334959   4939585.959966887
-1642841.6362556133   -3664942.53803865   4939585.053743471
-1642841.3770535016   -3664944.7610287275   4939583.9007023815
-1642842.1351282059   -3664944.9676407604   4939583.436549696
-1642843.074258995   -3664948.041595803   4939582.026275953
-1642842.8835032587   -3664947.981507196   4939581.388540596
-1642843.801598764   -3664948.758653311   4939581.925047984
-1642845.139079202   -3664949.913953974   4939579.824040751
-1642847.6824098101   -3664952.6275133057   4939577.603592394
-1642849.8995405512   -3664954.1405691854   4939576.244638317
-1642852.6914804175   -3664954.7544400566   4939573.955609309
-1642857.6913715026   -3664956.0267971326   4939571.563151303
-1642861.7493303495   -3664955.7156416033   4939570.985857616
-1642866.8208812238   -3664954.670311041   4939568.58673411
-1642872.4146518598   -3664954.7050965982   4939564.740987605
-1642878.0274981505   -3664954.226393   4939563.698353496
-1642883.392380158   -3664954.0234058024   4939560.926335503
-1642890.976405843   -3664955.1716236603   4939559.340171142
-1642896.3861091374   -3664954.952778931   4939557.519922592
-1642904.2172561127   -3664954.7811623835   4939554.887083106
-1642910.8071520352   -3664955.018316973   4939552.723185782
-1642917.0486416507   -3664956.468305894   4939548.35376304
-1642924.3181839539   -3664956.1625734037   4939546.004940573
-1642930.7912705187   -3664954.667794096   4939545.203450966
-1642936.8486040721   -3664955.3159661726   4939541.76942497
-1642943.8636724693   -3664955.3192614457   4939539.70208136
-1642949.7987265731   -3664954.536787793   4939538.621051748
-1642954.6876486994   -3664953.7360140807   4939537.943345237
-1642962.5984546866   -3664953.248624302   4939536.119432614
-1642969.183605878   -3664951.8927752427   4939534.02552393
-1642976.088283499   -3664953.2345460663   4939530.927797147
-1642983.145552037   -3664952.4863531305   4939530.052903906
-1642990.447222617   -3664954.1102075297   4939525.14508263
-1642997.6984421557   -3664953.2680455777   4939522.848135581
-1643004.7569725115   -3664953.06975498   4939520.614764426
-1643011.9444268723   -3664953.9439042523   4939517.53653606
-1643018.6926556034   -3664954.0406909008   4939514.757692644
-1643026.3465189054   -3664955.4306406975   4939512.54437526
-1643032.759127358   -3664956.0830504266   4939510.271942844
-1643040.5365840534   -3664955.539262322   4939507.23105888
-1643047.954968582   -3664954.9823351614   4939504.923650629
-1643054.326979156   -3664955.0132505796   4939503.31209999
-1643061.7339124917   -3664954.7962258034   4939500.850907853
-1643067.932927185   -3664954.7678200263   4939497.22722614
-1643075.7946846862   -3664954.722557871   4939495.224490345
-1643081.9356807573   -3664953.7138170977   4939493.096206868
-1643087.7772903305   -3664952.633933762   4939492.400204715
-1643094.1015376984   -3664953.2201736094   4939490.288301048
-1643100.532355392   -3664947.86999367   4939491.762128072
-1643107.721474345   -3664946.906455879   4939491.503516499
-1643113.7691242613   -3664944.1522667087   4939491.405062497
-1643120.6207142451   -3664940.9819742683   4939491.379543293
-1643127.8563349012   -3664936.8805921976   4939492.706537961
-1643136.1346641544   -3664934.61152831   4939491.4100706875
-1643144.241038462   -3664929.235931407   4939492.158149341
-1643152.1727627232   -3664925.639561461   4939492.835680804
-1643161.4653481732   -3664922.2925910186   4939492.442084258
-1643168.7260524356   -3664916.879548926   4939494.228682296
-1643174.5787892216   -3664909.681091023   4939496.72584683
-1643180.798435434   -3664905.655678438   4939498.522062445
-1643186.5260623614   -3664898.012059621   4939502.108183509
-1643190.8094251566   -3664890.6009956924   4939507.308567145
-1643193.849120613   -3664883.318112892   4939510.382486629
-1643195.6879544435   -3664874.370090076   4939516.987058247
-1643196.915217786   -3664866.9856656636   4939521.693299958
-1643198.0569759994   -3664858.946656069   4939527.699390365
-1643199.0713338666   -3664850.89968641   4939532.452350313
-1643200.7416501546   -3664841.208527247   4939540.172094813
-1643201.523534332   -3664834.026122986   4939546.077848694
-1643203.269070534   -3664824.2837124066   4939551.104621343
-1643204.8171466242   -3664816.2057511127   4939557.089893382
-1643206.0481344815   -3664808.142302442   4939561.662315403
-1643207.0215125033   -3664797.9897765173   4939568.547897975
-1643208.5038265805   -3664790.64928756   4939574.757583507
-1643209.6601205515   -3664782.1745625823   4939580.71125102
-1643209.779484467   -3664772.705298079   4939585.685550539
-1643212.3827930663   -3664765.178592535   4939591.098468173
-1643213.2044625704   -3664756.0095290346   4939596.950488327
-1643213.8879885238   -3664747.0931569375   4939603.331336314
-1643215.0304478647   -3664737.9857671587   4939610.216275246
-1643215.5578862482   -3664730.279807578   4939616.925564963
-1643217.3675500825   -3664720.4666192224   4939623.476593719
-1643216.8375335874   -3664711.8431293773   4939630.1859135805
-1643217.353413632   -3664702.075932782   4939637.101377151
-1643217.4783169632   -3664692.1293465775   4939644.216996833
-1643218.977969591   -3664683.4545984785   4939651.127622216
-1643218.4535294257   -3664676.01558472   4939658.246893663
-1643216.2685783075   -3664667.7258755337   4939663.930644542
-1643213.1613464511   -3664660.107494594   4939671.785671127
-1643207.9099743103   -3664653.6046141055   4939677.476449015
-1643201.9921915529   -3664648.939399764   4939684.236710454
-1643194.2424103715   -3664644.738936913   4939689.012320296
-1643186.409646722   -3664640.2032279167   4939695.356086963
-1643178.3259112018   -3664638.0755977766   4939700.176253307
-1643167.7286426376   -3664636.528937492   4939704.776450962
-1643157.6810404058   -3664637.857095644   4939707.046705934
-1643148.660324537   -3664638.0990092913   4939710.447990302
-1643137.815562798   -3664641.6567328516   4939711.526698058
-1643128.068225151   -3664644.3755551674   4939712.393336626
-1643116.749071296   -3664647.6724883197   4939714.247455957
-1643107.5762222235   -3664649.0979647003   4939715.486479088
-1643097.2012888917   -3664651.7894858806   4939717.292070582
-1643087.4474702845   -3664654.9105225448   4939718.116444161
-1643078.2544042193   -3664656.7805293025   4939719.594301281
-1643069.4164525755   -3664658.4864460365   4939720.357582855
-1643060.3888405974   -3664661.0050710556   4939721.904057466
-1643055.2125588632   -3664661.9908921737   4939723.027904221
-1643050.4926578992   -3664664.0967946155   4939724.208147509
-1643047.8877890755   -3664664.295750305   4939725.399740484
-1643045.427586249   -3664663.877006618   4939727.070302672
-1643043.2636731758   -3664665.4793131505   4939727.073555891
-1643040.4534349176   -3664665.3479600446   4939727.696039837
-1643039.426899156   -3664665.215386547   4939726.913083933
-1643035.93441429   -3664666.190510272   4939727.887505277
-1643032.4826701167   -3664668.2410794925   4939726.34795564
-1643029.2180586038   -3664667.465628195   4939728.046900365
-1643024.7863333314   -3664668.067846576   4939728.763203985
-1643020.838739936   -3664669.936537556   4939731.089625213
-1643015.4495660888   -3664669.2509473283   4939733.057295285
-1643010.910815885   -3664670.1723437347   4939734.296281043
-1643006.7481646962   -3664671.2446216494   4939735.702074453
-1643001.8563871705   -3664671.050239935   4939737.035342695
-1642996.6934310098   -3664671.682810848   4939738.256684683
-1642992.4890517865   -3664671.1760467845   4939740.888794377
-1642985.9533557585   -3664672.3645398063   4939741.014690264
-1642979.687354181   -3664672.5739077614   4939741.753221579
-1642972.161888594   -3664672.649325835   4939744.113478405
-1642965.3258899546   -3664673.3251984008   4939745.961169754
-1642957.298526647   -3664671.864382705   4939748.050329724
-1642950.0302403   -3664673.0558811063   4939749.559228186
-1642942.9400588716   -3664672.911708636   4939753.028911815
-1642935.6506094092   -3664672.780780997   4939754.619698924
-1642929.6195391605   -3664673.2982249637   4939756.338771708
-1642924.2630776775   -3664671.1601856844   4939758.926146176
-1642920.3934377572   -3664671.058985732   4939759.561920485
-1642919.3781509062   -3664673.710579708   4939760.181469649
-1642916.4344443318   -3664671.016353367   4939762.326411714
-1642914.6772877274   -3664673.5051118354   4939762.592933353
-1642913.907252081   -3664673.166898532   4939762.097497369
-1642911.153541092   -3664673.4114066986   4939761.9652104415
-1642912.2524947373   -3664674.127260104   4939762.568108644
-1642909.473475733   -3664672.5697519076   4939765.294240404
-1642905.7351439507   -3664671.386773869   4939767.692430885
-1642899.8025009506   -3664667.799251518   4939771.391267087
-1642896.0926961899   -3664666.338275264   4939773.485944042
-1642893.47855826   -3664660.7850161246   4939779.7876883
-1642894.123903795   -3664653.45120769   4939784.375897503
-1642896.0801275757   -3664644.7388766212   4939789.462207892
-1642897.947892079   -3664636.019226921   4939796.285810356
-1642900.6128535527   -3664628.576916424   4939801.399016204
-1642901.7877735407   -3664620.825500405   4939805.312021826
-1642903.1374626427   -3664612.4994263435   4939811.24127941
-1642902.5719070858   -3664606.094011788   4939815.467925717
-1642901.8667854785   -3664599.430646064   4939819.221866012
-1642897.9435055824   -3664592.7751376415   4939824.108419057
-1642892.0720812257   -3664589.932352091   4939829.329811016
-1642886.810194075   -3664586.6811154042   4939834.048315743
-1642879.1339137412   -3664583.945907196   4939839.061959871
-1642872.2188873405   -3664583.4056910435   4939842.429779677
-1642861.2458530935   -3664583.086141942   4939846.556786615
-1642851.6258505564   -3664583.6030289857   4939848.355673464
-1642839.7768730908   -3664584.9802122265   4939850.945654821
-1642828.1608486574   -3664584.6447549937   4939856.152919344
-1642816.266148135   -3664585.353848468   4939857.901389434
-1642803.3274522163   -3664587.4964017007   4939860.269429204
-1642792.1374631752   -3664589.3385605677   4939863.466394589
-1642779.507578528   -3664591.133127284   4939867.337263116
-1642767.8837219821   -3664593.6447511716   4939869.822991081
-1642756.42624793   -3664596.5400141133   4939871.169165126
-1642744.6185051533   -3664599.9315575147   4939874.0537078725
-1642733.0015980047   -3664602.272857479   4939876.147860342
-1642722.5342576234   -3664606.803371411   4939875.35380754
-1642711.4063986691   -3664609.8778625685   4939876.34897589
-1642701.7007779346   -3664613.264225035   4939877.50418199
-1642691.13613602   -3664615.237394053   4939877.814923898
-1642681.0426536738   -3664621.0300141564   4939879.410503622
-1642672.112939162   -3664624.0997182187   4939878.0250418475
-1642664.5998003208   -3664626.528003923   4939879.141956814
-1642658.0546769188   -3664628.4297041236   4939879.870526653
-1642654.456089087   -3664631.3535227925   4939878.489915172
-1642652.3334678123   -3664632.5235547638   4939879.55007637
-1642651.6044607102   -3664634.59751937   4939877.019536987
-1642651.4018127453   -3664638.1798952045   4939874.6894191075
-1642652.0345639754   -3664640.993655029   4939873.644567775
-1642653.4079509345   -3664644.3835771875   4939870.762711231
-1642652.0006925254   -3664646.7679540575   4939868.272594963
-1642652.8096600194   -3664649.2969767326   4939866.962048972
-1642651.199556554   -3664653.1754061887   4939866.20050907
-1642648.9474626698   -3664656.30829113   4939863.302245616
-1642644.679697598   -3664658.7434672657   4939864.187265109
-1642641.5004062057   -3664660.5589766586   4939864.547754533
-1642639.3214030669   -3664660.6154419207   4939864.345884887
-1642637.8240322582   -3664661.229439063   4939863.009383587
-1642635.3130410553   -3664658.9072221443   4939848.61541026
-1642636.7639587852   -3664660.3756283377   4939854.288299098
-1642638.060169915   -3664661.2641009036   4939858.012515519
-1642638.685309431   -3664662.0084991767   4939860.988723894
-1642638.658014655   -3664661.8391413847   4939863.085975367
-1642639.4384918355   -3664661.871061616   4939864.834339642
-1642639.5369639848   -3664661.7406686987   4939865.683772084
-1642639.9735166938   -3664662.3061417267   4939866.161176411
-1642639.5340219596   -3664661.361425287   4939866.564637727
-1642639.662239299   -3664662.8432673407   4939865.424421313
-1642638.534491312   -3664662.226901613   4939866.446737633
-1642639.010560727   -3664662.7837404334   4939865.364616167
-1642639.0788648168   -3664662.2888638363   4939865.39653958
-1642638.5815802165   -3664661.53036458   4939865.802591672
-1642638.417901354   -3664661.116256097   4939865.579237338
-1642638.683661349   -3664661.8573187455   4939864.60846369
-1642638.7062198073   -3664661.0153348963   4939865.372946482
-1642639.0102243267   -3664661.8087803596   4939864.772001852
-1642638.8387471733   -3664661.819692619   4939863.757406483
-1642638.8684282112   -3664661.3731725086   4939863.941232164
-1642639.443309258   -3664661.8488942916   4939862.704065491
-1642639.043528683   -3664661.1314561907   4939862.583967941
-1642638.203146485   -3664662.216999075   4939861.983243065
-1642639.4521031731   -3664662.9530045292   4939861.547311111
-1642638.5920788066   -3664660.9532063026   4939863.438471946
-1642638.0723070272   -3664661.7973411027   4939862.409958026
-1642639.1567591429   -3664660.420158154   4939863.72297519
-1642639.0897972484   -3664660.3560697446   4939862.110955574
-1642638.712363193   -3664660.675065721   4939862.001353351
-1642638.8736790686   -3664661.000692664   4939862.219810133
-1642639.3720065644   -3664662.037416405   4939861.162631233
-1642638.6547427168   -3664662.9029487716   4939860.718563933
-1642638.412815114   -3664660.3458453133   4939862.182648003
-1642638.1555138195   -3664659.632758978   4939860.978611819
-1642638.3974401492   -3664660.4698328157   4939861.892620221
-1642638.6641588837   -3664660.5742847705   4939860.938672613
-1642638.7319870242   -3664660.977808387   4939861.543759631
-1642638.6620287406   -3664659.637929541   4939862.135180701
-1642639.0554682936   -3664660.615440018   4939862.381917652
-1642637.8346319045   -3664659.99255646   4939862.617647629
-1642638.5750828432   -3664660.950881375   4939862.599157953
-1642639.006934573   -3664660.725793126   4939863.483278568
-1642638.564311275   -3664660.3395359274   4939863.901276214
-1642638.2318080447   -3664660.9909450836   4939863.7779077375
-1642639.2687611696   -3664661.6377598136   4939863.869267626
-1642638.6950577719   -3664660.7599163484   4939862.580741476
-1642638.7114028977   -3664661.2308714124   4939863.301279404
-1642638.3366303777   -3664661.1378253717   4939863.321180243
-1642638.6298286673   -3664660.491529584   4939863.387073975
-1642638.2106237607   -3664661.5962058906   4939861.571891921
-1642638.5267596168   -3664661.4798624297   4939862.09477607
-1642638.3769470304   -3664660.9002101007   4939862.605262472
-1642638.2278438143   -3664660.1811301294   4939863.293622949
-1642638.7369317093   -3664661.442687708   4939862.527445031
-1642638.7296444052   -3664659.39116259   4939864.380999952
-1642637.7093111433   -3664660.730057361   4939863.853386583
-1642637.4741738827   -3664659.7310639042   4939863.313746491
-1642638.053743582   -3664660.8501780964   4939864.143298856
-1642639.112200233   -3664660.891013957   4939864.035404359
-1642638.990064944   -3664660.722862604   4939864.599735472
-1642638.775044783   -3664660.314405946   4939865.106353435
-1642639.5562128818   -3664659.983326921   4939865.799775502
-1642639.3315703499   -3664660.637232178   4939865.296448411
-1642639.285301999   -3664661.451014619   4939863.898475499
-1642639.3749298174   -3664660.78418287   4939865.134070144
-1642638.5976319048   -3664660.7627392015   4939864.603405992
-1642638.9241733514   -3664661.660227963   4939864.581419381
-1642639.014914974   -3664659.856834877   4939864.879918061
-1642638.2131308445   -3664659.45562101   4939864.396488582
-1642637.8305521482   -3664660.746816677   4939863.021068039
-1642638.9599480724   -3664660.798413385   4939862.444794594
-1642639.2824212885   -3664661.0131981065   4939863.852700039
-1642638.5407718068   -3664660.9479501564   4939863.59517869
-1642638.3692734924   -3664660.7935592523   4939861.96159185
-1642638.0690052025   -3664660.3027463476   4939862.431245764
-1642638.4672586   -3664661.3649238516   4939862.724954957
-1642638.2803310168   -3664660.8377545844   4939863.860234259
-1642638.6549025564   -3664661.172843771   4939863.771328505
-1642639.5390784561   -3664661.8164715534   4939863.15913525
-1642639.0942616172   -3664661.8357555354   4939863.038745163
-1642637.9966298188   -3664661.8197591803   4939863.205924797
-1642638.5556251   -3664661.5255104373   4939863.868636335
-1642638.4951446408   -3664661.053358458   4939864.585747192
-1642637.75029697   -3664660.4366777474   4939863.412342284
-1642637.8721340247   -3664660.6046766485   4939863.523702679
-1642637.7409213404   -3664661.6387000345   4939860.315443331
-1642638.3362671165   -3664662.117099147   4939860.176387091
-1642638.1157617255   -3664661.211281228   4939860.998803834
-1642638.5758000226   -3664661.5831721285   4939861.063610195
-1642638.5851552137   -3664661.659945658   4939860.466496391
-1642638.7023662187   -3664662.2743847794   4939861.259587497
-1642638.6812090417   -3664661.8736288794   4939860.66913452
-1642638.4217496475   -3664661.6936110035   4939861.9301631
-1642638.7063965702   -3664660.4651211803   4939862.2628785735
-1642638.0010105271   -3664662.202344215   4939861.522715628
-1642638.8966394418   -3664661.6291722353   4939861.341168037
-1642639.0828532816   -3664661.7311814325   4939860.679725367
-1642638.7590488242   -3664662.4648364233   4939859.715710282
-1642638.8609574134   -3664660.7173531996   4939861.86253203
-1642638.2960857241   -3664661.887331311   4939861.641254534
-1642637.8174705643   -3664661.234014715   4939861.280672545
-1642638.1045071026   -3664662.2152492823   4939862.723929521
-1642638.9331969575   -3664662.1964715896   4939863.520063328
-1642639.1633959322   -3664662.6169176092   4939861.35512765
-1642637.6835483161   -3664662.330589758   4939861.86025787
-1642638.3433473168   -3664660.6546446537   4939862.690158451
-1642638.4047942588   -3664660.875422006   4939862.956215689
-1642638.3070971717   -3664662.1570907906   4939862.773307101
-1642637.5231523982   -3664662.9656547057   4939861.084591433
-1642636.6665532577   -3664661.999900254   4939863.229000872
-1642639.1704869857   -3664665.3862984586   4939879.777621025
-1642634.9904237988   -3664663.6325406423   4939875.918478681
-1642632.8059587304   -3664663.313917403   4939871.633760784
-1642629.7625695337   -3664663.385649699   4939868.363446374
-1642625.821597387   -3664664.212990029   4939865.233551672
-1642623.1541185644   -3664664.2765812995   4939864.968670456
-1642619.1106042261   -3664666.8265355034   4939863.152422808
-1642615.581482433   -3664666.6175199496   4939865.608567025
-1642612.028698167   -3664668.097675335   4939865.216720278
-1642608.1342104329   -3664668.9055669405   4939866.479542479
-1642605.7000858202   -3664670.2350287223   4939865.234489077
-1642600.976034458   -3664672.6149652144   4939863.952663825
-1642598.1644282232   -3664673.332615564   4939866.472609063
-1642594.3940108407   -3664674.7010185802   4939866.186481122
-1642590.3595536982   -3664677.9311943394   4939864.681595507
-1642585.639888132   -3664678.9423895907   4939866.952200958
-1642581.6126057785   -3664681.3608232243   4939867.600945606