-1642640.9878946505   -3664657.905179094   4939866.2030899385
-1642640.290474983   -3664657.3962594676   4939864.510095516
-1642640.9991479542   -3664658.5915418994   4939863.536574948
-1642640.8012833155   -3664657.765123223   4939863.326356339
-1642641.390002706   -3664659.0234316955   4939863.94529248
-1642640.7168674003   -3664659.015710104   4939863.632877055
-1642640.644678892   -3664659.408859319   4939863.066087897
-1642641.1490451915   -3664658.5043559265   4939863.916669946
-1642640.819291277   -3664658.2134568314   4939863.802114198
-1642640.7622914999   -3664658.6018909686   4939864.208658554
-1642641.7175548985   -3664658.9589909166   4939863.767355009
-1642641.2656711203   -3664658.8572747856   4939864.182986577
-1642641.0583744517   -3664658.7368934937   4939864.155147482
-1642641.391082714   -3664658.2485610624   4939864.522759345
-1642641.245057969   -3664658.298028137   4939864.1199647635
-1642642.0616413192   -3664658.5303338505   4939863.983971417
-1642642.122559389   -3664659.723818723   4939865.195894966
-1642641.4621794964   -3664659.32575006   4939863.946334859
-1642642.2226711179   -3664660.300285788   4939863.571117219
-1642642.07464991   -3664659.6938047623   4939863.366576851
-1642641.589994285   -3664659.4913422735   4939864.108478704
-1642641.0021611135   -3664659.1005331646   4939863.907099251
-1642641.9349279224   -3664658.7955174856   4939864.463258778
-1642641.6770249142   -3664658.1401754785   4939864.126769144
-1642642.2453105415   -3664657.77752331   4939865.184270842
-1642641.1857457552   -3664658.2823123625   4939864.975284846
-1642641.0912235884   -3664658.769428854   4939864.984064498
-1642641.4567764765   -3664659.5995603004   4939864.483495712
-1642641.4329304746   -3664659.6257139603   4939863.848517931
-1642641.1179471316   -3664659.5011554654   4939863.819240993
-1642640.6024441447   -3664659.1274910406   4939863.918835558
-1642640.7916666586   -3664658.811939243   4939864.413617984
-1642641.6062654925   -3664658.4906613026   4939863.559334499
-1642640.6734779063   -3664658.4085463127   4939863.007801351
-1642640.5450333292   -3664658.1336496198   4939862.478660986
-1642641.0770179725   -3664658.8627342065   4939863.231977022
-1642641.041261173   -3664658.2174855093   4939862.6255568415
-1642640.9811052654   -3664658.399482922   4939863.872936424
-1642640.736169967   -3664658.8740960923   4939863.904390756
-1642640.5404622906   -3664657.7701242277   4939863.398926603
-1642640.6661159762   -3664657.695265223   4939862.961917271
-1642640.4259672023   -3664657.157278718   4939863.340179199
-1642640.6862017158   -3664658.3395249494   4939863.260639979
-1642640.2776945175   -3664658.259501995   4939863.959205502
-1642640.389288364   -3664657.883300005   4939863.67892204
-1642640.990243928   -3664658.1018470163   4939864.367123016
-1642640.7392066147   -3664658.139096328   4939863.91756152
-1642641.0482669424   -3664658.6613807133   4939864.598749933
-1642641.3289551116   -3664658.9650678923   4939864.864891228
-1642641.1984390141   -3664659.0640935386   4939864.793500102
-1642640.9180813108   -3664658.9513230245   4939866.112223242
-1642640.981711266   -3664659.8358416245   4939865.740381841
-1642640.5809330659   -3664659.589107464   4939864.459742927
-1642639.9714835593   -3664658.836328909   4939865.02103206
-1642639.9646193068   -3664658.4319969993   4939864.770002691
-1642640.2922548635   -3664658.3941327613   4939864.702495047
-1642639.9501304592   -3664658.5399922533   4939864.41823566
-1642640.575652994   -3664659.014675707   4939863.394754612
-1642640.7094851818   -3664658.9405454923   4939863.332102823
-1642640.422119079   -3664658.956171078   4939862.757120555
-1642640.6648164168   -3664658.901064395   4939863.362148721
-1642640.4093956025   -3664658.6601547804   4939864.0814469885
-1642640.2960972786   -3664658.3286952786   4939864.4349531755
-1642640.041119166   -3664658.679130091   4939864.954009702
-1642640.4147370532   -3664658.606444822   4939864.259481535
-1642640.6100297072   -3664658.7683988004   4939864.448408658
-1642640.681850665   -3664658.9552887524   4939864.908690565
-1642640.7822036871   -3664659.6851082733   4939864.565882585
-1642640.6567397362   -3664658.6698793564   4939864.597260041
-1642640.191168857   -3664658.0825052382   4939864.486841478
-1642640.3735837482   -3664658.4429133586   4939864.784368765
-1642640.76836816   -3664659.1875721775   4939865.010985134
-1642640.2540242046   -3664659.6017477782   4939864.906043668
-1642640.39463594   -3664658.889790104   4939864.699517431
-1642640.264319983   -3664659.3096949086   4939864.888921506
-1642640.6091267744   -3664658.989809545   4939863.611117961
-1642640.9258825022   -3664658.9775197553   4939863.345968498
-1642640.06031421   -3664658.4452381153   4939863.520509841
-1642640.0112682672   -3664657.8327970565   4939863.6598205
-1642639.8951080074   -3664657.9362121336   4939863.637722144
-1642639.7255073804   -3664657.3545890213   4939863.857164449
-1642640.2221791141   -3664657.9537929227   4939864.184858004
-1642639.775525205   -3664658.0197752803   4939863.788821553
-1642640.4855128673   -3664658.808287261   4939864.152604474
-1642640.89467231   -3664658.6058966154   4939864.030101766
-1642640.6080445552   -3664658.530959418   4939864.860785875
-1642640.2204760907   -3664658.5084499666   4939864.714664271
-1642640.8293274748   -3664658.6372947074   4939864.658754655
-1642640.886353123   -3664658.257412645   4939864.75236124
-1642640.6401698422   -3664659.0187369664   4939865.045249185
-1642641.8159332827   -3664659.320853686   4939865.1291624475
-1642641.3618400255   -3664659.1384584717   4939865.64521674
-1642640.952779505   -3664658.1036862684   4939865.538730163
-1642641.0065805777   -3664658.462168203   4939866.17087746
-1642640.7458722931   -3664658.0892866584   4939865.735452069
-1642640.8559051058   -3664658.074889403   4939864.78034087
-1642640.6335994701   -3664658.502925092   4939864.34853527
-1642641.377242793   -3664659.639835119   4939864.2301360415
-1642640.969077883   -3664658.631365283   4939863.106075402
-1642641.196106765   -3664658.996288046   4939863.636411102
-1642641.225330822   -3664658.530988287   4939864.265062045
-1642642.2030893355   -3664657.9319726364   4939865.366356931
-1642641.530818693   -3664657.8321253383   4939864.677694425
-1642640.8064319314   -3664658.9154070406   4939864.274771376
-1642641.5637187255   -3664659.2314032046   4939864.024882767
-1642640.9343244995   -3664659.034377582   4939864.382698445
-1642641.3888095256   -3664659.119680198   4939864.950432493
-1642641.5036950274   -3664659.018687639   4939865.944774046
-1642641.6147594836   -3664659.570711705   4939864.9342373395
-1642641.2716429196   -3664659.1539622513   4939864.362492478
-1642641.5822788244   -3664658.4427389065   4939865.733929645
-1642642.4483269933   -3664659.461029889   4939866.179827643
-1642642.22834137   -3664659.2201502807   4939864.905896851
-1642642.126479309   -3664658.9190204265   4939865.823201771
-1642641.9929818253   -3664659.0278850826   4939865.7160411365
-1642642.176564142   -3664658.6818337333   4939865.957854234
-1642641.1648708216   -3664658.084673253   4939866.07740116
-1642641.274803306   -3664658.0487128114   4939865.756149977
-1642641.6956611064   -3664658.9085748116   4939866.011787415
-1642641.3882692882   -3664658.9300228735   4939865.218333451
-1642641.6980758244   -3664658.1135601588   4939865.075456167
-1642641.8696791015   -3664657.9517246066   4939864.804058442
-1642641.7863596813   -3664658.3705890453   4939865.970354085
-1642640.8395158616   -3664658.5867512687   4939864.972135908
-1642641.5286437087   -3664659.402199899   4939865.13157994
-1642642.0167702923   -3664659.3223359543   4939865.417573125
-1642641.4963178013   -3664658.341802071   4939866.117187807
-1642641.4020832295   -3664657.9434334305   4939866.078318506
-1642641.6191016918   -3664658.0593507616   4939866.203935375
-1642642.2966677495   -3664657.513207986   4939865.86444514
-1642641.8829814808   -3664657.58259792   4939865.782341593
-1642641.8014350221   -3664657.9623387894   4939865.768079371
-1642641.5866881881   -3664657.2222005744   4939865.4429295175
-1642641.5344511138   -3664657.8378058593   4939864.676245256
-1642641.22838325   -3664657.757507809   4939864.040663606
-1642641.2120266703   -3664657.7139391485   4939863.8174512405
-1642640.9937686257   -3664657.841876745   4939863.259897775
-1642641.6819088699   -3664658.553498002   4939864.074782525
-1642641.176724536   -3664658.500925223   4939864.941052001
-1642641.5797787965   -3664658.0219462793   4939865.139264746
-1642641.7495612937   -3664657.972358179   4939864.479898824
-1642641.218149694   -3664657.7634137766   4939865.206561981
-1642641.4483575604   -3664657.9286262733   4939865.25093911
-1642641.7430896533   -3664658.7495880807   4939866.56852253
-1642641.267327675   -3664658.0961797754   4939866.041245788
-1642641.160709624   -3664658.028940885   4939866.230614763
-1642641.6572467033   -3664657.4269346804   4939866.35824802
-1642641.552147865   -3664657.99490067   4939866.696057552
-1642640.977582022   -3664657.9484228743   4939866.718373557
-1642641.1191279246   -3664658.22255325   4939866.310246975
-1642640.9366235842   -3664658.3429489513   4939864.495888225
-1642640.8855120467   -3664658.723911378   4939864.537202462
-1642641.0543859936   -3664658.3266409957   4939864.4162102975
-1642640.9726239769   -3664658.072421882   4939864.0487985695
-1642641.4727345202   -3664658.389292444   4939862.439940333
-1642640.4730653632   -3664658.811619266   4939862.109200432
-1642640.8785613158   -3664658.3695223345   4939862.695091811
-1642641.4052965117   -3664658.4795401567   4939863.119067122
-1642641.3182283218   -3664658.282618133   4939862.903279516
-1642641.4178873794   -3664658.174161058   4939863.9954228075
-1642641.333101618   -3664657.730480111   4939863.927894755
-1642640.8634614109   -3664658.1055972925   4939863.99937049
-1642641.4186694655   -3664658.462923706   4939863.697833417
-1642640.9511933408   -3664658.385151469   4939864.157483652
-1642640.6403188014   -3664658.9856227427   4939864.107287991
-1642641.1193851605   -3664659.316072243   4939864.574035407
-1642640.6931144495   -3664658.7417805777   4939864.441702215
-1642641.4329616502   -3664657.673176601   4939863.900350482
-1642641.5764289424   -3664657.900287399   4939864.571565085
-1642641.8168456983   -3664658.7553729727   4939864.46328104
-1642641.3247726383   -3664659.0744288075   4939863.580547116
-1642642.0604737971   -3664659.4311952735   4939862.951509213
-1642641.810993276   -3664659.1586037483   4939863.892244047
-1642641.3325960145   -3664658.318678883   4939864.302366426
-1642641.539273666   -3664659.209637473   4939864.40988904
-1642641.943095869   -3664658.401490474   4939864.270693343
-1642641.5829107282   -3664658.935092034   4939863.71079905
-1642641.4616698057   -3664658.7547419085   4939863.181995691
-1642641.6869602825   -3664659.18875765   4939863.476155831
-1642641.4100130629   -3664658.980826711   4939864.499566511
-1642641.3725671668   -3664658.972446617   4939864.593852833
-1642641.096469715   -3664658.7350338753   4939864.258382638
-1642641.7269393662   -3664659.0261656563   4939864.250844257
-1642641.531682265   -3664659.3384446143   4939863.142879777
-1642641.9088014264   -3664658.721367176   4939864.3810894275
-1642642.1396668875   -3664658.7057512635   4939864.892120781
-1642642.3970112673   -3664658.1006477294   4939865.124727421
-1642642.260963216   -3664658.4541643057   4939865.18194793
-1642641.2529029264   -3664658.521543811   4939865.928316877
-1642641.4985151365   -3664658.1656941553   4939865.40637973
-1642641.2558065637   -3664658.580692369   4939865.200940221
-1642641.7901870694   -3664658.849440454   4939864.004324706
-1642641.5783427656   -3664659.139327179   4939864.157131134
-1642641.4185465102   -3664659.327658785   4939863.786637514
-1642641.8633223283   -3664659.239332539   4939865.177171289
-1642641.3894380105   -3664658.997789632   4939866.304684279
-1642641.4116091374   -3664658.580987856   4939865.446463633
-1642642.308780165   -3664658.4567479435   4939866.11038931
-1642641.9542256552   -3664658.2443104098   4939866.440607064
-1642641.357129356   -3664658.668872275   4939865.915915961
-1642641.5581254514   -3664659.012394921   4939864.174654027
-1642641.7043125276   -3664659.493866964   4939864.993020223
-1642641.7392703644   -3664659.4462722526   4939865.590890172
-1642641.2853030593   -3664659.410286875   4939864.466436222
-1642641.0972271615   -3664658.451856036   4939864.724682542
-1642641.5079437473   -3664658.3001231398   4939865.222934376
-1642641.3742092734   -3664658.570060459   4939865.062037472
-1642642.1873228697   -3664658.995330262   4939865.458023421
-1642641.7953012844   -3664658.277307226   4939865.410144511
-1642641.2759924224   -3664659.030487965   4939864.410861728
-1642641.5168264278   -3664659.3296450824   4939863.429780174
-1642641.066619207   -3664659.118870196   4939863.332973274
-1642640.4735986728   -3664658.9107307387   4939863.125160518
-1642640.8620132743   -3664658.4871025216   4939864.456589271
-1642640.9698609798   -3664657.599083858   4939864.327245699
-1642642.168729372   -3664657.9087946787   4939864.0758838225
-1642643.0704578105   -3664658.4809986055   4939864.64199624
-1642645.042846278   -3664658.9306443995   4939871.494428721
-1642646.2706519342   -3664658.0030571613   4939871.196708084
-1642648.2749125245   -3664657.128687292   4939866.868463606
-1642650.465706681   -3664655.036453627   4939863.797782116
-1642652.125072237   -3664652.3852839814   4939864.63422913
-1642653.7188633047   -3664649.898934867   4939863.993311167
-1642653.7094162712   -3664647.304225166   4939866.124071676
-1642653.5968780185   -3664644.8676027507   4939867.547329372
-1642652.7056347188   -3664642.059030637   4939870.409305857
-1642652.8794666796   -3664640.6546427137   4939872.23336128
-1642652.682882682   -3664638.8229429615   4939873.395353588
-1642651.974834663   -3664637.5937115834   4939874.610995964
-1642650.273827734   -3664635.997846384   4939875.708620463
-1642650.482930167   -3664635.2518815636   4939876.548715113
-1642650.153143539   -3664634.099966701   4939877.017357769
-1642648.5451444406   -3664634.2050489597   4939877.79088523
-1642647.364874887   -3664633.866259153   4939878.233753335
-1642646.20726996   -3664633.7488078116   4939880.343621819
-1642643.108724813   -3664633.0501138633   4939881.294724454
-1642640.3357607329   -3664633.3453072016   4939882.334874717
-1642638.2606268604   -3664634.040079797   4939882.128330789
-1642636.8370589411   -3664635.1335959616   4939882.217178067
-1642634.61883263   -3664635.200803045   4939881.948888842
-1642632.272713934   -3664635.9949869807   4939882.46620985
-1642628.8613745451   -3664637.0988067524   4939882.290047652
-1642627.3139154168   -3664637.3127038283   4939881.082533345
-1642625.9416904312   -3664639.07104565   4939880.406812881
-1642624.0212266573   -3664641.116806823   4939880.622557493
-1642621.4279640869   -3664642.9275216754   4939881.316937175
-1642619.1418255349   -3664643.149754426   4939879.887919696
-1642617.6575393695   -3664643.4633945366   4939880.807387117
-1642616.809312455   -3664643.2813217514   4939882.257609169
-1642614.8151229103   -3664642.402087425   4939883.143644953
-1642613.2063843799   -3664642.5085848095   4939883.740755331
-1642612.6457872593   -3664641.249707234   4939886.910601725
-1642612.0635428203   -3664639.2602872755   4939886.959018547
-1642613.5551673868   -3664637.160059556   4939888.270014069
-1642615.0158438708   -3664636.120355754   4939888.023835107
-1642617.608459758   -3664635.567389849   4939887.836213799
-1642620.3698541895   -3664636.4343706504   4939887.589683399
-1642623.5159811915   -3664635.05310692   4939887.49907502
-1642627.6856082205   -3664633.7733462644   4939887.432845436
-1642630.8169917031   -3664631.9106849087   4939889.096052931
-1642633.6028507142   -3664630.7074588584   4939887.996947875
-1642637.2587634518   -3664629.2311571413   4939886.780995777
-1642642.15539323   -3664626.8920769487   4939887.143802852
-1642647.167426346   -3664625.300480378   4939886.814042077
-1642651.4844429274   -3664622.697042475   4939886.567565104
-1642656.7202475474   -3664620.831434994   4939886.149234084
-1642661.9110462659   -3664618.8635873147   4939885.794210719
-1642665.613350935   -3664615.9046422723   4939885.486196104
-1642670.4282483482   -3664613.700876819   4939885.005887179
-1642675.7143245765   -3664612.403725943   4939884.310595072
-1642680.2059211729   -3664611.2175905495   4939884.068479461
-1642683.2275154158   -3664608.7582218987   4939883.679114915
-1642688.3309964393   -3664607.3101644376   4939884.743474169
-1642693.7521181295   -3664605.4176068325   4939885.269217491
-1642700.0627563866   -3664604.019106356   4939883.735114424
-1642704.7084623072   -3664602.7242387435   4939884.0392997265
-1642709.3377449594   -3664600.5047328295   4939884.32169034
-1642715.0179517306   -3664598.0213030605   4939884.418753217
-1642720.0541836144   -3664595.5058322605   4939884.724438602
-1642726.524486316   -3664594.0656650504   4939884.110745615
-1642731.8902442565   -3664592.6226156643   4939882.757958978
-1642737.8628195038   -3664589.8968084017   4939882.039260552
-1642744.92135048   -3664589.042032991   4939880.547910365
-1642750.3523488014   -3664587.018936571   4939878.939144441
-1642757.450628813   -3664584.9181144997   4939877.877434752
-1642763.9477867535   -3664583.567863462   4939876.366675516
-1642771.3031752873   -3664582.125545108   4939874.433529262
-1642778.8546386536   -3664580.912976132   4939873.281748883
-1642785.0881358956   -3664579.7551646936   4939872.925179852
-1642792.3480879369   -3664578.685204321   4939871.950515625
-1642799.1547496063   -3664577.8857061113   4939870.818269767
-1642805.767802945   -3664576.675108628   4939868.591218462
-1642812.5933099384   -3664575.560553944   4939868.088852778
-1642819.678311303   -3664574.9180284054   4939865.464288634
-1642826.24524207   -3664574.3863246804   4939862.957774018
-1642834.0407643868   -3664573.5930135585   4939861.984551028
-1642840.6268493268   -3664573.2523722583   4939859.724015064
-1642847.0869936866   -3664573.2231340744   4939857.795857155
-1642853.7928092112   -3664573.432888228   4939856.296672153
-1642859.84899965   -3664573.824101644   4939852.5663337875
-1642866.365689343   -3664574.3970541316   4939852.399109157
-1642871.9725369583   -3664574.107052983   4939849.838707623
-1642878.2638952604   -3664573.293051264   4939847.79721297
-1642883.841804693   -3664572.610531889   4939845.625013924
-1642889.308396229   -3664572.181430015   4939843.403327163
-1642894.7617327787   -3664572.1891224603   4939842.037391093
-1642899.9078598619   -3664573.716130418   4939839.952489425
-1642903.2243260252   -3664573.3085216912   4939839.689473121
-1642905.3084725046   -3664573.2265945943   4939838.655991752
-1642907.5852671072   -3664573.4592024772   4939837.799443162
-1642908.8787379588   -3664573.75893948   4939836.937778371
-1642910.9361705948   -3664574.1298352554   4939836.361623229
-1642913.0463542915   -3664574.784071884   4939836.630049328
-1642915.090158765   -3664576.23345177   4939834.473095175
-1642916.283006031   -3664578.1326087923   4939832.447360273
-1642917.9348215319   -3664579.462655253   4939831.165683782
-1642918.1777697247   -3664581.115606761   4939829.213547548
-1642919.9486994902   -3664582.934149006   4939827.9746189155
-1642920.357304934   -3664584.942183174   4939824.638927244
-1642920.5915523476   -3664588.30381455   4939822.251132734
-1642920.4974409488   -3664591.6032762798   4939819.9754836755
-1642921.083631635   -3664594.3366438956   4939818.709950326
-1642920.4669039948   -3664597.7506271   4939816.359775858
-1642919.7703192404   -3664601.3878412875   4939814.331193765
-1642919.434731346   -3664605.4209148088   4939811.314100233
-1642918.1941913625   -3664608.737101368   4939808.2007817235
-1642917.633890952   -3664613.7320833015   4939805.639052727
-1642917.207884713   -3664618.1887020683   4939803.11955656
-1642915.659885776   -3664622.8872831943   4939799.991325883
-1642913.5629500893   -3664627.037667368   4939796.308897764
-1642913.0744088585   -3664632.9117090325   4939792.721488988
-1642911.879454633   -3664638.2608747515   4939789.949180483
-1642910.8698839955   -3664643.6458047857   4939785.796763834
-1642909.5432309168   -3664647.5912553174   4939781.857862143
-1642909.0791680138   -3664652.8588708   4939779.771990882
-1642907.2171177226   -3664657.9138752166   4939776.698500083
-1642905.2205042678   -3664663.362374611   4939772.389083857
-1642904.2055669883   -3664669.1693422315   4939767.706562029
-1642902.912348501   -3664675.6194421067   4939764.0733464025
-1642900.8006338943   -3664682.1225204174   4939759.357146123
-1642899.8183529587   -3664687.312235795   4939755.008548831
-1642897.8263808333   -3664694.2010096973   4939748.375431848
-1642897.766013013   -3664700.995360505   4939743.051277057
-1642897.0806131673   -3664707.1791472323   4939738.461800237
-1642894.5841186042   -3664712.8303006915   4939734.694890201
-1642892.1788959068   -3664719.2607880794   4939730.720097655
-1642890.2413983212   -3664726.6439166223   4939728.181986508
-1642889.4627627674   -3664734.535398385   4939723.194911672
-1642887.2154715671   -3664742.8014423107   4939718.337907739
-1642886.2092219754   -3664749.547939109   4939712.536453458
-1642883.1956782495   -3664757.874445278   4939709.174456654
-1642882.4692528655   -3664765.257357687   4939704.9250551155
-1642880.64155954   -3664770.9140151083   4939699.640076906
-1642878.5854700077   -3664778.2212006184   4939696.447184841
-1642877.1972076343   -3664786.073101313   4939692.061031731
-1642875.91983119   -3664793.391121986   4939686.951409232
-1642874.8663320215   -3664800.733681853   4939681.790053494
-1642872.9198603092   -3664807.944847583   4939678.533813417
-1642870.5321616225   -3664814.6932712467   4939673.410748212
-1642868.8895890617   -3664821.657134758   4939668.628779286
-1642867.646310147   -3664829.981638637   4939662.538805669
-1642866.1884220426   -3664837.806068243   4939657.4987030905
-1642863.6127712568   -3664844.8492308212   4939653.094667351
-1642862.3659287763   -3664851.391078243   4939647.213643472
-1642860.5336026726   -3664858.231055074   4939643.362949918
-1642858.9412814395   -3664866.932330567   4939639.059197652
-1642856.1243486898   -3664875.005062968   4939631.401729354
-1642854.8555663815   -3664882.8913213513   4939625.74455253
-1642852.1818863763   -3664890.9855559394   4939620.689135525
-1642850.5238260464   -3664900.823219165   4939613.923847809
-1642848.4720072674   -3664909.0690671513   4939608.99308382
-1642846.3146547852   -3664917.534819613   4939603.725626564
-1642844.878087018   -3664925.0382666923   4939599.034555578
-1642844.566949775   -3664931.157976003   4939595.11751668
-1642843.4988786138   -3664935.583817645   4939590.808614696
-1642842.1250314426   -3664939.779007839   4939588.316634138
-1642841.1623340163   -3664943.754856372   4939585.81598131
-1642841.4367802197   -3664944.6396373315   4939582.954385294
-1642839.7739054514   -3664944.2713117506   4939574.649859298
-1642841.7607810656   -3664946.6654450987   4939585.346554284
-1642842.1566127408   -3664948.2480946616   4939586.817413562
-1642842.62608372   -3664949.321155006   4939584.326746705
-1642844.4191944655   -3664951.016586315   4939581.3493567575
-1642846.8474199523   -3664953.850735495   4939576.347193858
-1642848.9875900813   -3664954.53271999   4939575.363850067
-1642852.0277069008   -3664954.435624435   4939573.908585181
-1642855.0450829172   -3664955.0101751685   4939570.754088918
-1642859.397601103   -3664956.2883700505   4939568.100503576
-1642863.1576998585   -3664955.979134107   4939566.241732939
-1642867.7476137409   -3664955.6034063473   4939564.847873604
-1642873.4133554252   -3664955.814869637   4939564.133493407
-1642878.3153373266   -3664955.112462971   4939563.307856491
-1642882.7298471455   -3664954.635267035   4939561.20216993
-1642887.9255252373   -3664955.6248120978   4939559.330757384
-1642893.1961338457   -3664955.354316261   4939558.982196236
-1642897.883059242   -3664954.771008055   4939556.60788973
-1642902.7594032795   -3664955.442975448   4939554.713198504
-1642907.6663518886   -3664955.2730531716   4939553.406192102
-1642912.8813263606   -3664954.732232724   4939551.394357257
-1642918.3264094198   -3664955.662359691   4939550.084770525
-1642923.1346745123   -3664954.2614952005   4939548.402977108
-1642929.3021589282   -3664954.6263086284   4939545.985614355
-1642936.0458107106   -3664955.2694319165   4939543.93783762
-1642942.3710425736   -3664955.067025219   4939541.554455003
-1642948.4763116443   -3664954.6240219357   4939538.955257524
-1642955.403399033   -3664955.034937392   4939536.788090561
-1642961.4305888265   -3664954.162105948   4939534.574482685
-1642966.8062694075   -3664955.234190398   4939532.195089585
-1642973.0497370504   -3664954.3365662796   4939531.303975523
-1642979.4748475961   -3664955.0309104016   4939529.707921505
-1642985.853090577   -3664954.966212202   4939527.754969132
-1642992.2603721172   -3664955.059765715   4939525.896626431
-1642998.722698661   -3664954.1952594183   4939524.653878997
-1643005.4971132881   -3664954.770987445   4939521.8243574565
-1643011.4422547393   -3664954.575039186   4939518.838623264
-1643017.7966811503   -3664954.2020198805   4939516.541523251
-1643024.5636797394   -3664954.952548391   4939514.0926977815
-1643031.4481443956   -3664954.4376906822   4939509.921305183
-1643037.0640347206   -3664953.9354457012   4939508.998639276
-1643044.3009154683   -3664954.73094634   4939506.910415482
-1643049.3871070961   -3664954.791887123   4939505.075370722
-1643056.0811955663   -3664954.5119476113   4939503.448495627
-1643060.707050763   -3664954.4233268183   4939502.27197748
-1643066.1531639264   -3664954.3184658242   4939499.377646289
-1643071.784613062   -3664954.7808153885   4939496.763084524
-1643078.1068087895   -3664954.994837842   4939495.433966649
-1643083.6139846009   -3664954.486134701   4939494.27594326
-1643088.0248113496   -3664953.1411250765   4939492.721019738
-1643093.0543113742   -3664953.497062131   4939490.751854941
-1643099.3396183145   -3664952.415995211   4939489.871074632
-1643105.3484555902   -3664949.452966475   4939490.363504646
-1643109.7803910594   -3664946.6174146673   4939488.8131560255
-1643115.9154430234   -3664944.856061987   4939489.22836117
-1643121.0832455463   -3664941.3109972645   4939489.990065866
-1643127.1315260807   -3664937.4058241937   4939490.218455617
-1643133.291114506   -3664935.3173397104   4939490.471361845
-1643139.2098516298   -3664932.155685384   4939490.416456371
-1643145.5645647026   -3664930.0275691487   4939492.156618323
-1643151.2685816297   -3664927.5536925234   4939492.233130835
-1643156.7231182496   -3664923.7003048947   4939493.244549068
-1643162.2879385045   -3664920.722242628   4939493.424131369
-1643167.9469207793   -3664917.1221143296   4939493.4212504225
-1643173.4220794414   -3664912.2303600414   4939495.1812711395
-1643178.4355407686   -3664907.3437601826   4939497.564317454
-1643183.2797272515   -3664902.8168968013   4939499.842154611
-1643186.9888012367   -3664897.2213361347   4939502.250992081
-1643190.862337702   -3664891.257368381   4939505.13514064
-1643193.7058097783   -3664884.6393792564   4939508.417588521
-1643195.750441578   -3664878.8681583614   4939512.842626277
-1643195.9971662217   -3664872.3568587992   4939516.362707379
-1643196.8977959761   -3664867.5570868286   4939520.529183655
-1643197.8647511688   -3664861.353535354   4939524.46999083
-1643198.6688953217   -3664856.333847923   4939527.432690106
-1643199.313678665   -3664850.2488545394   4939531.776709627
-1643199.4641885615   -3664845.234663159   4939534.935367119
-1643200.84320811   -3664838.9812637996   4939539.763640305
-1643202.2323637067   -3664833.1288410067   4939543.412055881
-1643202.7812720453   -3664826.3332467754   4939547.641084954
-1643204.0351732748   -3664819.8817230733   4939553.087665068
-1643204.9379455773   -3664816.266617593   4939556.023025044
-1643206.218689001   -3664811.5873781457   4939560.188407826
-1643206.4056652382   -3664806.685422503   4939564.793219141
-1643206.786042896   -3664800.607182864   4939568.713364846
-1643207.0111088224   -3664794.568700628   4939572.46003627
-1643208.0337218246   -3664789.791699718   4939575.726009393
-1643209.2469672686   -3664784.1773962067   4939579.088525123
-1643209.6359829903   -3664777.2100460846   4939582.847422372
-1643210.1386394068   -3664770.5074778567   4939587.119574194
-1643212.1714063755   -3664765.325581308   4939591.273020219
-1643212.8286777681   -3664760.250399362   4939596.744705359
-1643213.6926940887   -3664754.6240193374   4939600.565184201
-1643214.489125   -3664748.755117598   4939603.991488745
-1643214.792864542   -3664742.790270811   4939607.901121968
-1643214.817895654   -3664737.243683007   4939610.650148287
-1643215.7406724016   -3664731.625667073   4939614.682354509
-1643215.8652343678   -3664727.0640033446   4939619.526730935
-1643215.8670687363   -3664720.2821959094   4939624.278758016
-1643217.4305109025   -3664715.2645331514   4939629.801530362
-1643217.0491673497   -3664708.970168167   4939635.222059327
-1643216.826385397   -3664703.388556001   4939638.751969859
-1643218.0224071413   -3664698.336163261   4939641.820982698
-1643217.8993003673   -3664693.8130901405   4939646.063888506
-1643218.3511373873   -3664688.1179242246   4939649.668551963
-1643218.4719835464   -3664681.774474019   4939653.507029536
-1643217.6169372692   -3664675.5321737225   4939656.848244915
-1643217.4375525147   -3664669.596688961   4939661.388666554
-1643216.0722169818   -3664664.6399280853   4939666.653155702
-1643213.1907360586   -3664659.5832918175   4939671.202068864
-1643209.5594711308   -3664654.014266151   4939675.815124118
-1643206.6946073363   -3664651.500446431   4939680.232082394
-1643202.4948214577   -3664648.3918163194   4939684.655172261
-1643198.0480143158   -3664645.032834176   4939687.938286797
-1643193.3864970475   -3664642.024856852   4939691.352889799
-1643188.0136088785   -3664639.2854585913   4939695.59404216
-1643181.8111210794   -3664638.7240554797   4939699.166028878
-1643176.5295589992   -3664637.3928176877   4939701.65774745
-1643169.877278167   -3664635.6209861934   4939703.920590606
-1643164.0596249565   -3664635.488048292   4939706.099689706
-1643158.4628983974   -3664636.8820445295   4939708.006926099
-1643152.7615938657   -3664638.0463029137   4939710.314574747
-1643146.9410136845   -3664639.687028176   4939711.508854122
-1643139.3955770794   -3664640.0360163716   4939712.119088356
-1643132.1375402773   -3664642.1025827043   4939712.763751025
-1643125.8891809438   -3664644.1144485464   4939713.4803513065
-1643119.1462757988   -3664646.6321410546   4939715.082750246
-1643111.9394222924   -3664649.509611962   4939715.224806694
-1643103.2703944526   -3664651.489306119   4939715.466896884
-1643095.2438187525   -3664652.2044888968   4939716.650730102
-1643087.9867959823   -3664654.8535393844   4939719.026334306
-1643079.1952446075   -3664656.456611453   4939719.577223391
-1643070.9775244445   -3664659.158767379   4939720.553786456
-1643064.5731861412   -3664660.742995279   4939721.944836945
-1643057.959199812   -3664662.3130941894   4939723.041991594
-1643050.8213207845   -3664663.749515299   4939724.96479514
-1643044.245464871   -3664664.5812662276   4939727.300120943
-1643036.9671817666   -3664665.3794438518   4939728.024107849
-1643030.0685123526   -3664665.958091747   4939729.41298106
-1643023.348931597   -3664667.2165554394   4939731.495510795
-1643016.4693430632   -3664669.097978571   4939733.3098458005
-1643009.7952209266   -3664671.202106077   4939734.406310141
-1643001.8688475245   -3664672.0738912905   4939735.598714804
-1642994.1858198158   -3664671.871142902   4939737.691929031
-1642987.0296684362   -3664672.5178039307   4939740.156867751
-1642979.5407314883   -3664673.3743776046   4939741.4435482295
-1642972.346738424   -3664673.2928378023   4939744.226032633
-1642964.8990029015   -3664673.632950602   4939745.741770702
-1642959.216154953   -3664673.3541409215   4939749.599207184
-1642952.4830102695   -3664673.449324955   4939751.299799513
-1642946.2441755992   -3664673.2319428595   4939753.533740498
-1642940.4676200233   -3664674.408208769   4939755.2401670925
-1642933.7649240543   -3664675.2231040457   4939756.684308448
-1642927.4358416437   -3664674.9909682972   4939757.084748172
-1642921.2838038339   -3664673.949037564   4939757.698723573
-1642917.6645048764   -3664673.3655593586   4939759.620505171
-1642914.5404860117   -3664673.6087803785   4939759.633940912
-1642913.5508510587   -3664674.7991493912   4939759.86880865
-1642910.394027471   -3664671.98290644   4939749.577593434
-1642912.3652682125   -3664674.7800689675   4939760.378680163
-1642910.831270733   -3664675.927522062   4939763.247937969
-1642908.1193456897   -3664676.1807091576   4939762.716708319
-1642905.3118627206   -3664677.0100103165   4939761.82240883
-1642902.4473176943   -3664679.535716707   4939761.041947909
-1642901.3251360906   -3664683.296079093   4939758.72424795
-1642899.3183798324   -3664688.3669054513   4939754.476511526
-1642898.696767732   -3664693.8800201933   4939750.547028352
-1642897.3757884155   -3664698.634558352   4939746.463829794
-1642896.7755008813   -3664704.279933753   4939741.71559135
-1642895.11805059   -3664711.2228160505   4939734.789537255
-1642892.5428353404   -3664718.36800176   4939729.582702473
-1642890.8510161543   -3664725.657017639   4939725.754356405
-1642889.4145754185   -3664731.7759883655   4939722.335511039
-1642887.7084098826   -3664740.019043272   4939719.426893706
-1642885.6595193618   -3664748.129658216   4939713.73677108
-1642884.2759833492   -3664756.516365793   4939707.74846757
-1642882.8456163285   -3664764.7774993847   4939702.079231745
-1642880.9611359343   -3664772.198807816   4939695.0578540135
-1642878.6149771775   -3664779.054714124   4939690.716347678
-1642876.9765453073   -3664787.3754423475   4939685.913054935
-1642875.3265576777   -3664794.5725042936   4939681.974578178
-1642873.0138701834   -3664802.1715271706   4939678.466039998
-1642872.002768204   -3664810.0402178844   4939674.352746887
-1642870.0041691533   -3664816.19748968   4939670.242496283
-1642868.2675937053   -3664822.7422375884   4939665.733681647
-1642866.5239579964   -3664830.4367783954   4939661.696661945
-1642864.5928966708   -3664837.6499481658   4939656.189892676
-1642863.4653637893   -3664844.251469263   4939652.48773604
-1642862.1683549369   -3664850.4156513303   4939648.581566445
-1642859.705818788   -3664858.2335382425   4939644.284565987
-1642858.5213944013   -3664865.704440163   4939639.2968348
-1642857.6060724878   -3664873.446616556   4939634.590671197
-1642855.508786376   -3664879.2893451145   4939629.468187014
-1642853.2451260488   -3664886.1218343964   4939625.448495534
-1642851.4167094142   -3664893.1836597146   4939620.441972082
-1642850.5771886911   -3664900.2916952698   4939615.673172717
-1642848.7147011855   -3664907.062503368   4939609.743463289
-1642846.722642132   -3664914.662556219   4939604.234053326
-1642845.5928302836   -3664922.2490335354   4939599.953528817
-1642844.3548734493   -3664928.0617601825   4939595.026515518
-1642842.974258354   -3664933.4926172732   4939591.062094583
-1642841.6386167216   -3664938.7432061764   4939588.316721928
-1642841.8453672372   -3664942.7058556275   4939584.976399616
-1642841.6811141209   -3664944.302270234   4939583.487039624
-1642841.4289191184   -3664945.881835619   4939582.765314993
-1642842.0421832514   -3664946.091233729   4939582.507616744
-1642843.0174874829   -3664948.041857933   4939581.848167607
-1642842.988486323   -3664948.495983669   4939580.944260588
-1642843.7363930529   -3664949.116020081   4939581.386240083
-1642845.026730615   -3664949.9524683817   4939579.829161291
-1642847.50642909   -3664952.17701465   4939577.871883657
-1642849.8984290636   -3664954.102073739   4939576.213990781
-1642852.6385664018   -3664955.1093127523   4939573.681937405
-1642857.4366657787   -3664956.262840443   4939571.399156657
-1642861.8243201717   -3664956.339352513   4939570.418642741
-1642866.7676967774   -3664955.3304360253   4939568.143554562
-1642872.3425280666   -3664954.799123335   4939564.623642758
-1642878.0768777225   -3664954.360824861   4939563.4071209775
-1642883.450646699   -3664954.0177104827   4939560.805749023
-1642890.7864759436   -3664954.8485721704   4939559.38076772
-1642896.5941575454   -3664955.0031938255   4939557.540136455
-1642904.0449032541   -3664954.8758839937   4939554.855365883
-1642910.9076425473   -3664955.0337074865   4939552.458525132
-1642917.1559979008   -3664956.1334832776   4939548.515529438
-1642924.2695735793   -3664956.390634034   4939545.678641616
-1642930.9265537313   -3664955.3800742603   4939544.484832983
-1642936.9689920563   -3664955.3028159705   4939541.731785955
-1642943.811690538   -3664955.301562235   4939539.530047098
-1642949.9357013055   -3664954.792367992   4939538.153717061
-1642954.921732833   -3664954.0051260716   4939537.577306618
-1642962.305892724   -3664953.286820199   4939535.963895078
-1642969.2291156095   -3664952.0268229833   4939533.865598468
-1642976.133453546   -3664952.611751779   4939531.157209127
-1642983.1793403092   -3664952.489851989   4939529.76411738
-1642990.4137944137   -3664953.601521302   4939525.527732222
-1642997.7389318105   -3664953.5000539715   4939522.627144522
-1643004.841511694   -3664953.331965483   4939520.120043396
-1643012.0019496146   -3664953.875054168   4939517.495185628
-1643018.780429202   -3664954.119278387   4939514.596822925
-1643026.3118952706   -3664955.274852316   4939512.373030663
-1643032.9198183895   -3664956.1610168945   4939510.119820644
-1643040.4530749863   -3664955.9583571474   4939506.902318064
-1643048.0052644457   -3664955.405378535   4939504.4051275
-1643054.5371253889   -3664955.2053080387   4939502.873536831
-1643061.7072865593   -3664954.9030415416   4939500.696935092
-1643068.061273778   -3664954.699562389   4939497.273751659
-1643075.690499516   -3664954.6977463467   4939494.844716321
-1643082.129324698   -3664953.995269371   4939492.811451797
-1643087.9372944392   -3664952.95852389   4939491.903417875
-1643094.0949166554   -3664952.9896304216   4939490.261472881
-1643100.5626365482   -3664949.1252479646   4939490.843639143
-1643107.6809025968   -3664946.944825669   4939491.064908114
-1643113.921386294   -3664944.212441673   4939491.320929612
-1643120.6012924542   -3664941.0171387177   4939491.285339406
-1643127.8421784826   -3664937.0625815527   4939492.515318774
-1643136.0098690728   -3664934.104564149   4939491.735723673
-1643144.2661891961   -3664929.4279304477   4939491.952225091
-1643152.2811021884   -3664925.3927188935   4939492.957793703
-1643161.3539764357   -3664921.768059498   4939492.774342158
-1643168.9757688905   -3664916.9152460215   4939494.13152378
-1643174.889341675   -3664910.187928681   4939496.2492160285
-1643180.881963881   -3664905.120685841   4939498.798380555
-1643186.6062344364   -3664898.1068387586   4939502.114585849
-1643191.0459243492   -3664890.6075702435   4939507.124667585
-1643194.056525657   -3664882.9422218706   4939510.72599799
-1643195.9106669964   -3664874.2583007324   4939516.902036984
-1643197.0250420873   -3664866.253141388   4939522.262662266
-1643198.0705267305   -3664858.173932758   4939528.285740569
-1643199.0447658624   -3664850.0263509643   4939533.300933205
-1643200.6818366232   -3664840.780215149   4939540.6299241595
-1643201.5888317022   -3664832.861963167   4939547.036572853
-1643203.1421644874   -3664823.5766244507   4939551.980843879
-1643204.8070846824   -3664815.1388868038   4939558.047670437
-1643206.0639867065   -3664806.968241644   4939562.783965108
-1643207.07871995   -3664797.462100515   4939569.168404581
-1643208.466570293   -3664789.452851752   4939575.703310361
-1643209.6665851253   -3664781.1538986256   4939581.805037397
-1643209.8751411007   -3664771.943456777   4939586.682705931
-1643212.1289963627   -3664763.9506099755   4939592.131517201
-1643213.3187261962   -3664755.194235969   4939597.842525613
-1643213.9816900971   -3664746.302370424   4939604.14357916
-1643214.999859183   -3664737.2143674092   4939610.956444451
-1643215.6152970314   -3664729.088440914   4939618.07365077
-1643217.2140824145   -3664719.729372759   4939624.423771924
-1643217.0517873827   -3664710.846870437   4939631.104588963
-1643217.3137473273   -3664701.3072841107   4939637.930585624
-1643217.4783143338   -3664691.389575097   4939644.93671039
-1643218.83515576   -3664682.2787458533   4939652.403924542
-1643218.6192513283   -3664674.4384950805   4939659.640138471
-1643216.4738066623   -3664666.425747041   4939665.184723496
-1643213.324935879   -3664658.951123222   4939672.717205551
-1643208.1371660994   -3664652.260137782   4939678.834776581
-1643202.0848635642   -3664647.309441765   4939685.533853637
-1643194.379353359   -3664643.1941086883   4939690.599003049
-1643186.4027538276   -3664639.1388262687   4939696.426948664
-1643178.272964746   -3664636.710563876   4939701.493123627
-1643167.9272102674   -3664635.2702831486   4939705.929483433
-1643157.5949512208   -3664636.19724701   4939708.608167844
-1643148.418917771   -3664637.1745025897   4939711.457786199
-1643137.8743195788   -3664640.384550459   4939712.73050044
-1643127.918545574   -3664643.6990966653   4939713.358496731
-1643116.8259190074   -3664647.388259948   4939714.533795738
-1643107.331173125   -3664649.594101076   4939715.540628195
-1643097.2302355731   -3664652.0988747855   4939717.230200086
-1643087.3660906197   -3664655.001316839   4939718.251312
-1643078.1233019351   -3664657.1744561214   4939719.552959507
-1643069.296333594   -3664658.896147766   4939720.314502146
-1643060.3624925092   -3664661.1533433646   4939721.831141969
-1643054.732507921   -3664662.436723566   4939722.979449362
-1643050.266812531   -3664664.2094794395   4939724.303412586
-1643047.6004728314   -3664664.7706549037   4939725.291597376
-1643045.3478970316   -3664664.463507295   4939726.765613418
-1643043.2233205803   -3664665.3316162457   4939727.2827896355
-1643040.512579372   -3664665.485682918   4939727.753313811
-1643039.214309393   -3664665.334769349   4939726.975578743
-1643036.1661800006   -3664666.060624183   4939727.828317114
-1643032.5357244865   -3664667.773617712   4939726.807550748
-1643029.1930080685   -3664667.8987787007   4939727.715639686
-1643024.9025104886   -3664668.2657468533   4939728.663835852
-1643020.8285304904   -3664669.7562083546   4939731.052218195
-1643015.5676149612   -3664669.672354604   4939732.944730426
-1643010.8147877108   -3664670.174915378   4939734.282652158
-1643006.6390709933   -3664671.100628563   4939735.885035147
-1643001.8746549462   -3664671.228814513   4939736.96088325
-1642996.7283930876   -3664671.6851424426   4939738.323106666
-1642992.377279168   -3664671.457956235   4939740.6840342125
-1642986.130393954   -3664672.1162578836   4939741.3012182005
-1642979.6883273444   -3664672.506852755   4939741.915971874
-1642972.274089434   -3664672.7613770016   4939743.949996324
-1642965.2521873077   -3664673.3036798346   4939746.050245139
-1642957.3503669826   -3664672.327576597   4939747.859432129
-1642949.9346873239   -3664672.7874370283   4939749.782195213
-1642942.8635334065   -3664672.9058746123   4939753.148471992
-1642935.586574732   -3664672.7556911665   4939754.841179242
-1642929.4232869742   -3664673.083062263   4939756.644963548
-1642924.0925848845   -3664671.634402845   4939758.709269207
-1642920.1585485367   -3664670.942990535   4939759.8915918
-1642918.9640973972   -3664672.7322224155   4939760.954938061
-1642916.5289818128   -3664671.5136466073   4939762.231520882
-1642914.617597397   -3664672.88386742   4939763.114027951
-1642913.7117895994   -3664673.129287167   4939762.291535377
-1642911.339347491   -3664673.429464434   4939762.082189166
-1642911.9040411138   -3664674.0800009174   4939762.641201579
-1642909.8164686353   -3664673.1853067386   4939764.767056152
-1642906.0197125527   -3664671.870329066   4939767.369411163
-1642900.1072119505   -3664668.6594727915   4939770.693207325
-1642895.8872589513   -3664666.3236512123   4939773.6529497765
-1642893.2609318001   -3664661.5393238137   4939779.236409282
-1642893.6852618004   -3664654.3645152873   4939784.042903622
-1642895.8202320905   -3664645.4333941657   4939789.161345471
-1642897.9710650926   -3664636.1542564016   4939796.154125469
-1642900.5504836058   -3664627.795916255   4939802.124706944
-1642901.897228309   -3664619.7174818697   4939806.466622426
-1642903.1558879241   -3664611.569208876   4939811.924046223
-1642902.7662093393   -3664604.73100589   4939816.64350998
-1642901.8969011682   -3664598.176954196   4939820.358376626
-1642898.287893005   -3664591.778236506   4939824.918410353
-1642892.3933970523   -3664588.222688677   4939830.530198436
-1642886.7300354415   -3664585.28967759   4939835.242569981
-1642879.3004118495   -3664582.8529688674   4939840.181487462
-1642872.1063244496   -3664582.053568783   4939843.61381857
-1642861.6029336562   -3664582.044547935   4939847.440693887
-1642851.5075059033   -3664582.6886362303   4939849.46964453
-1642839.8772506055   -3664584.2197127524   4939851.511999721
-1642828.1694110627   -3664584.7749993177   4939856.156991391
-1642816.2008842682   -3664585.3028520453   4939858.456022172
-1642803.3506951975   -3664587.038807178   4939860.6744086435
-1642791.9067803244   -3664589.0725171706   4939863.931116544
-1642779.5368217728   -3664591.0763174454   4939867.559327951
-1642767.7252782127   -3664593.4876061333   4939870.189093115
-1642756.2675748344   -3664596.3098917007   4939871.6469286885
-1642744.5839301385   -3664599.7564696795   4939874.282962215
-1642732.9205542097   -3664602.501530396   4939876.287013405
-1642722.281822145   -3664606.485477788   4939875.902179204
-1642711.3629440847   -3664610.034176178   4939876.353838105
-1642701.5225525654   -3664613.5617757295   4939877.455707547
-1642691.1235966175   -3664615.8853331986   4939877.607391309
-1642681.0023102295   -3664620.737174004   4939879.606888763
-1642671.8527578588   -3664624.3291968945   4939878.273436839
-1642664.3404052116   -3664627.1663796497   4939878.678504812
-1642657.879546652   -3664629.2010438177   4939879.484137202
-1642654.0429299888   -3664631.608474836   4939878.603644837
-1642652.0567042797   -3664633.1030235225   4939879.198608043
-1642651.363627107   -3664634.7694042935   4939877.245599746
-1642651.2829714497   -3664637.839500547   4939874.933644519
-1642651.9437549133   -3664640.9949240023   4939873.514884005
-1642653.3092940974   -3664644.393773199   4939871.028007563
-1642652.2945534457   -3664647.1246144376   4939868.008385073
-1642652.704457503   -3664649.777309958   4939866.486549224
-1642651.4419635078   -3664653.3509638794   4939865.827864528
-1642649.0829034974   -3664656.5720698074   4939863.222578457
-1642644.9702739676   -3664659.3460754743   4939863.5049220845
-1642641.4485815403   -3664661.3293494526   4939863.824334821
-1642639.1434194038   -3664661.639422302   4939863.715297554
-1642637.671809678   -3664661.780712651   4939862.664211843
-1642635.252648463   -3664659.144127381   4939851.215813501
-1642636.4391681673   -3664659.9991738573   4939852.677789919
-1642638.0806637062   -3664661.421640872   4939856.92760129
-1642638.820316368   -3664662.367732303   4939860.477319987
-1642638.750749295   -3664662.3066947726   4939862.727900102
-1642639.3458107058   -3664662.1015982684   4939864.633050829
-1642639.54823383   -3664661.7925307266   4939865.631013313
-1642639.9293727542   -3664662.078939192   4939866.211648859
-1642639.6014342092   -3664661.505465635   4939866.4005551655
-1642639.605193988   -3664662.3832080206   4939865.702916973
-1642638.6681312625   -3664662.350473179   4939866.3729315
-1642638.8495429247   -3664662.664495153   4939865.585334133
-1642639.0644206994   -3664662.4267835775   4939865.341636655
-1642638.6802711512   -3664661.7746607093   4939865.652204135
-1642638.4123376883   -3664661.189158997   4939865.527509235
-1642638.6168784786   -3664661.5275411173   4939864.920104597
-1642638.7250773543   -3664661.135229463   4939865.246340249
-1642638.9899977634   -3664661.5767022017   4939864.967727993
-1642638.8668401625   -3664661.746511875   4939863.865430046
-1642638.8815860292   -3664661.5269900607   4939863.8962173425
-1642639.3659996241   -3664661.7331606364   4939862.847782207
-1642639.1414126158   -3664661.313905918   4939862.4409302585
-1642638.3004008455   -3664661.9744638777   4939862.064418472
-1642639.2187688232   -3664662.799191097   4939861.690118735
-1642638.781208764   -3664661.6497222283   4939862.984428236
-1642638.1095775976   -3664661.673281045   4939862.527797901
-1642638.9719421826   -3664660.7203565617   4939863.474194616
-1642639.1340288843   -3664660.2178859697   4939862.356906495
-1642638.79584924   -3664660.38539775   4939862.090869358
-1642638.8375733267   -3664660.8102024454   4939862.251986922
-1642639.2938963762   -3664661.733839477   4939861.500216505
-1642638.7708836102   -3664662.739840347   4939860.835557797
-1642638.4205358652   -3664661.2266367218   4939861.522457288
-1642638.1334361583   -3664659.941750392   4939860.709760957
-1642638.3692002632   -3664660.1705972864   4939862.041128005
-1642638.6111898401   -3664660.295002539   4939861.237423362
-1642638.7529230914   -3664660.7786187534   4939861.5873669125
-1642638.6900032845   -3664659.981102194   4939861.942518404
-1642639.0151691267   -3664660.39776676   4939862.446239844
-1642638.0008824335   -3664660.0839069732   4939862.621195206
-1642638.3991174696   -3664660.6913721105   4939862.7277089385
-1642638.9717689175   -3664660.7951321374   4939863.4932729555
-1642638.6702614257   -3664660.500119582   4939863.715985328
-1642638.2641821953   -3664660.854397013   4939863.893884047
-1642639.09900399   -3664661.4710634775   4939863.99976597
-1642638.7991694917   -3664660.9659670535   4939862.626930317
-1642638.7305960106   -3664661.2065791297   4939863.144752327
-1642638.3771320854   -3664661.2003602856   4939863.337475954
-1642638.5543164518   -3664660.680623652   4939863.226444525
-1642638.2503179535   -3664661.249966767   4939861.906277859
-1642638.4764612778   -3664661.487774552   4939862.015279474
-1642638.4183192982   -3664661.150939186   4939862.388598338
-1642638.2590447266   -3664660.4474632326   4939863.142840267
-1642638.6504996703   -3664661.049724668   4939862.878180289
-1642638.7714012088   -3664659.8459967594   4939864.030379562
-1642637.8475708107   -3664660.3460706086   4939864.045097276
-1642637.4011691217   -3664659.8047236474   4939863.407274985
-1642637.9362687648   -3664660.548271627   4939864.205825456
-1642639.0112664434   -3664660.8454510807   4939864.199844604
-1642639.1170529511   -3664660.8307662546   4939864.516302072
-1642638.8502714583   -3664660.494206542   4939865.007449013
-1642639.4534681584   -3664660.102652134   4939865.6393892
-1642639.401958753   -3664660.4079267536   4939865.508928978
-1642639.277241289   -3664661.1146356855   4939864.23978277
-1642639.37209899   -3664661.013154216   4939864.868841219
-1642638.6950699203   -3664660.8751477012   4939864.595946385
-1642638.8316058647   -3664661.479496969   4939864.696485134
-1642638.9929276328   -3664660.33536661   4939864.6431537485
-1642638.3248423843   -3664659.556841396   4939864.264681263
-1642637.8125404941   -3664660.2509033745   4939863.276689393
-1642638.7562608474   -3664660.6518878224   4939862.628616752
-1642639.3406711295   -3664661.0582505926   4939863.7898000525
-1642638.6932210256   -3664661.0520352754   4939863.583293238
-1642638.3190195602   -3664660.8419651752   4939861.912656155
-1642638.0794180338   -3664660.4934576   4939862.144973985
-1642638.4070311117   -3664661.160304415   4939862.819299767
-1642638.3285713252   -3664661.0064898483   4939863.826799077
-1642638.5940645894   -3664661.1157029257   4939863.823597285
-1642639.444244191   -3664661.615724359   4939863.3921352
-1642639.2255692033   -3664661.838948016   4939862.975217999
-1642638.142626083   -3664661.930364732   4939863.06681795
-1642638.4016872828   -3664661.7278008093   4939863.719633761
-1642638.5019703042   -3664661.2492555412   4939864.424145595
-1642637.8265517422   -3664660.50532614   4939863.446065043
-1642637.808081701   -3664660.4421997466   4939863.538114102
-1642637.689173814   -3664661.136098171   4939860.750877293
-1642638.268251884   -3664661.9475734094   4939860.328356457
-1642638.207500192   -3664661.6038019266   4939860.665542263
-1642638.5430136314   -3664661.677751371   4939860.918725716
-1642638.6072393407   -3664661.684921703   4939860.452397747
-1642638.7213439627   -3664662.1929709134   4939861.203372401
-1642638.6804551203   -3664661.9977191477   4939860.737715294
-1642638.4686781   -3664661.8264262034   4939861.726599318
-1642638.650598368   -3664660.782525739   4939862.120488801
-1642638.0849908257   -3664661.6619019657   4939861.779513325
-1642638.7313284476   -3664661.636773379   4939861.440900306
-1642639.0933922783   -3664661.701998084   4939860.687890667
-1642638.8430811486   -3664662.2861813535   4939859.769363137
-1642638.8789369152   -3664661.30590097   4939861.418602028
-1642638.3611596327   -3664661.6730702766   4939861.788997156
-1642637.8035136927   -3664661.2859348627   4939861.333069359
-1642638.0292698678   -3664661.987758208   4939862.7476447085
-1642638.8335602079   -3664662.2192093898   4939863.513852036
-1642639.1695327407   -3664662.4707270404   4939861.709345319
-1642637.9244468436   -3664662.4439796912   4939861.646566919
-1642638.1865184694   -3664661.194420374   4939862.301961448
-1642638.4036809562   -3664660.835305638   4939862.951546788
-1642638.336386569   -3664661.668845989   4939863.10381718
-1642637.5760922122   -3664662.5802734448   4939861.52092614
-1642636.7269451122   -3664662.3697245307   4939862.9007792855
-1642639.0107510146   -3664665.535111333   4939876.6716875825
-1642635.5746923299   -3664664.4530733274   4939877.200229255
-1642632.6282586774   -3664663.1465888144   4939872.771737396
-1642629.696520251   -3664662.8335470664   4939868.95002023
-1642625.917671423   -3664663.605148641   4939865.701740817
-1642623.0695430741   -3664664.2248018347   4939864.99795436
-1642619.2180078884   -3664666.3437983003   4939863.622139964
-1642615.5941425546   -3664667.078279293   4939865.204720551
-1642611.9961161385   -3664668.2150860005   4939865.286553847
-1642608.1606873723   -3664669.1192722064   4939866.427318034
-1642605.4866029918   -3664670.2022516998   4939865.456422536
-1642601.1445724983   -3664672.2928653904   4939864.0671563735
-1642598.0572535482   -3664673.6880007596   4939866.161163277
-1642594.403845453   -3664674.914874279   4939866.12140485
-1642590.3665425591   -3664677.5571246636   4939864.927272766
-1642585.7401107058   -3664679.2980042   4939866.5951081775
-1642581.5340653635   -3664681.4776735073   4939867.520959674