-1642640.3779854337   -3664658.051908003   4939864.544365038
-1642640.512132985   -3664657.523809396   4939864.02197498
-1642640.4512505834   -3664657.9628731343   4939863.757267124
-1642640.664437928   -3664658.5403703223   4939861.894153249
-1642640.7737292151   -3664657.240388297   4939862.590188548
-1642641.0710966585   -3664658.9626078387   4939861.997626632
-1642640.1559319603   -3664658.6126054195   4939863.000630029
-1642641.185491058   -3664659.51841457   4939861.838873009
-1642640.7282066043   -3664658.077160892   4939862.977884267
-1642640.185417894   -3664657.7978769015   4939861.914917798
-1642640.4537149884   -3664658.9321490433   4939863.071416058
-1642641.5922459273   -3664659.357263868   4939863.069613253
-1642640.8449596276   -3664658.795078285   4939862.884335068
-1642640.4941346147   -3664659.288043855   4939862.770098896
-1642640.8253530446   -3664658.348409149   4939862.819753417
-1642640.6199048208   -3664658.5339239207   4939861.250015211
-1642641.8856489856   -3664659.3001469676   4939862.622439346
-1642641.7895987956   -3664660.935723708   4939864.002782511
-1642641.141639532   -3664659.6097965813   4939862.569632844
-1642642.2373655532   -3664661.3582170713   4939862.066112965
-1642641.6736197618   -3664659.472414724   4939862.459761651
-1642641.3050505298   -3664659.0843618833   4939862.502721239
-1642640.9043256722   -3664658.7594530117   4939862.947140907
-1642642.0325111884   -3664659.775372929   4939863.639609787
-1642641.2527469406   -3664657.9374643476   4939862.455236491
-1642642.313542964   -3664658.5720903543   4939864.962310285
-1642640.9502881854   -3664658.8162711915   4939863.81111628
-1642640.9436503602   -3664658.9937959844   4939863.946183668
-1642641.2329186762   -3664659.222109045   4939862.893377046
-1642641.037285708   -3664659.127747525   4939861.680986368
-1642640.772089797   -3664659.1691256193   4939862.286328108
-1642640.2003677327   -3664658.721986672   4939862.165473424
-1642640.7693478134   -3664658.9115936966   4939863.625829895
-1642641.4997685426   -3664658.4526888756   4939861.941376593
-1642639.8231970572   -3664658.2998762582   4939860.1258288035
-1642640.0134102032   -3664658.0514927898   4939860.81651276
-1642641.2034087644   -3664659.6793889217   4939862.986554989
-1642640.679052227   -3664658.1684521693   4939861.537633753
-1642641.0610898652   -3664659.4807760147   4939864.331266671
-1642640.9258952464   -3664659.4241030556   4939863.775825835
-1642640.5603875592   -3664657.283506683   4939862.318986005
-1642640.6718451763   -3664657.981525396   4939862.799004803
-1642640.533296585   -3664657.7763566133   4939863.257152143
-1642640.941300862   -3664659.412025495   4939862.182688964
-1642640.2807651805   -3664658.623192881   4939863.721577862
-1642640.5098102246   -3664657.4723924445   4939863.4204907585
-1642641.4106681368   -3664658.8166955234   4939865.090329144
-1642640.4928892944   -3664658.519453249   4939863.234804488
-1642641.1521768344   -3664659.105269977   4939864.440219052
-1642640.8476752585   -3664658.493522288   4939864.246533596
-1642640.8845467223   -3664659.3558105477   4939863.830334596
-1642640.9984357257   -3664658.9326199964   4939866.652937034
-1642641.2439553286   -3664660.538400539   4939864.867841626
-1642639.928085977   -3664658.8107322278   4939862.312695403
-1642639.8793768215   -3664658.0398967983   4939863.907449345
-1642640.1778962351   -3664658.558896774   4939863.397788108
-1642640.3268744086   -3664658.729471163   4939864.294391514
-1642640.1982402843   -3664658.740169413   4939864.461340163
-1642640.4506720696   -3664659.150761938   4939862.760222296
-1642640.5870219532   -3664658.82874116   4939863.488976442
-1642640.4238330505   -3664659.1588539514   4939862.7287119385
-1642640.7071455594   -3664658.7906046123   4939863.4414714165
-1642640.2203427106   -3664658.977478397   4939864.29694771
-1642640.802813303   -3664658.552196182   4939864.755636631
-1642640.33938169   -3664659.211364825   4939865.949489196
-1642640.2919406004   -3664658.2286056913   4939863.384244031
-1642641.185794974   -3664659.3096231455   4939865.855894861
-1642640.9534319253   -3664658.8848199663   4939865.267254527
-1642641.1781181304   -3664660.2483681687   4939865.875453944
-1642641.1133648267   -3664658.347580702   4939865.67351114
-1642640.5544173513   -3664657.78030331   4939864.745176105
-1642640.7740260367   -3664659.0237944643   4939865.376350542
-1642641.0251035772   -3664659.527557179   4939865.780737433
-1642640.4160419726   -3664658.9928211486   4939865.116058387
-1642640.2674324876   -3664658.2613685057   4939863.937239333
-1642639.619571073   -3664658.7236712845   4939863.26881327
-1642640.4206162742   -3664658.37328691   4939862.844340346
-1642640.740958397   -3664658.7355084615   4939862.875566966
-1642639.7713702857   -3664658.0411693584   4939862.780372572
-1642640.458504716   -3664657.6786702923   4939864.5976289995
-1642640.1112878604   -3664657.9290601127   4939864.20664942
-1642639.8378512422   -3664657.583384372   4939864.426037825
-1642640.5745098847   -3664658.7833487703   4939864.792573741
-1642639.4136216196   -3664657.71152439   4939862.517840638
-1642640.758364607   -3664658.635630228   4939864.568693129
-1642640.5757803023   -3664658.6854397515   4939863.359990499
-1642640.4442810796   -3664658.2652666164   4939864.933115039
-1642640.2741774865   -3664658.0462054173   4939864.281861141
-1642641.2871554573   -3664658.2429922842   4939865.610637835
-1642640.8434501928   -3664657.859219879   4939865.307667003
-1642641.4924909684   -3664659.144225825   4939867.502028457
-1642641.888599462   -3664658.8859941936   4939865.172590562
-1642640.740323585   -3664658.508298756   4939864.415180573
-1642640.5044519308   -3664657.598487843   4939864.832905375
-1642640.726084039   -3664658.7041499917   4939865.92972056
-1642640.2140253545   -3664657.1397186504   4939863.340268719
-1642640.4334312999   -3664658.1128616016   4939863.337187613
-1642640.1076739077   -3664658.5163522065   4939862.45402
-1642641.4644628728   -3664659.809323264   4939863.739875774
-1642640.3781792857   -3664657.8703806074   4939862.565405547
-1642641.029963129   -3664658.917395475   4939863.283118232
-1642641.7540274917   -3664658.690752722   4939865.92005915
-1642642.2337584286   -3664657.5436804374   4939866.118937572
-1642640.8939323926   -3664657.6023089206   4939862.873832856
-1642640.483059194   -3664659.209064721   4939862.532583055
-1642641.5385391077   -3664658.974846959   4939863.903320205
-1642640.5387290462   -3664658.117636722   4939863.506810988
-1642641.3100549001   -3664659.04780947   4939865.067677081
-1642641.1292869798   -3664658.458966446   4939865.357695595
-1642641.0604154964   -3664659.201120026   4939862.1488995515
-1642640.6512304533   -3664658.1235083113   4939863.155292344
-1642641.3699681219   -3664657.496642923   4939865.77050188
-1642641.8988173779   -3664659.6665774225   4939865.554925923
-1642641.5942272989   -3664658.2899947152   4939862.255487307
-1642642.1561156479   -3664658.506674543   4939866.030646153
-1642641.6342828956   -3664658.8196819494   4939863.684817371
-1642642.2389852703   -3664658.440859137   4939866.217511114
-1642640.4731928331   -3664657.352213528   4939865.032906088
-1642641.159381191   -3664658.05363346   4939864.416854163
-1642641.238155446   -3664658.811291391   4939865.431835915
-1642640.9211934123   -3664658.392631837   4939864.38949148
-1642641.2744440828   -3664657.02512104   4939864.327496532
-1642641.3888251272   -3664657.620274167   4939863.849131165
-1642641.7828326055   -3664658.2586789806   4939866.925632178
-1642640.300021899   -3664657.600021128   4939862.63327077
-1642641.0691228192   -3664658.99544729   4939864.365528911
-1642641.3831630135   -3664658.3274321086   4939864.936865077
-1642640.3351202155   -3664656.7292519137   4939864.148349434
-1642640.9973578542   -3664657.1982707987   4939864.463170782
-1642641.0218947472   -3664657.5887324894   4939864.347522099
-1642642.208900549   -3664656.5841250867   4939864.892306194
-1642641.2721610346   -3664657.532526346   4939864.981368116
-1642641.3073759503   -3664657.5642891587   4939864.2993281735
-1642640.9847648586   -3664656.36225346   4939863.718288799
-1642640.9039791385   -3664657.8610802097   4939862.504097035
-1642640.8395363907   -3664657.1174867046   4939862.959727228
-1642641.3808723947   -3664657.806630843   4939864.312791498
-1642640.1457773412   -3664657.459795111   4939862.158399571
-1642641.6165696685   -3664658.1602809113   4939864.472291292
-1642641.0177002156   -3664658.2193758013   4939865.765946079
-1642641.3726522184   -3664657.316633593   4939864.579914887
-1642641.292380456   -3664657.6058975044   4939863.094130738
-1642640.828150726   -3664657.283674844   4939865.104480036
-1642640.9899798078   -3664657.5454449374   4939864.198668144
-1642641.6639558726   -3664658.6195468344   4939866.469098531
-1642640.2252130017   -3664657.409837426   4939864.263205304
-1642640.6761855762   -3664657.659188668   4939864.885927781
-1642641.2814640743   -3664657.048688557   4939866.023192932
-1642641.5805739665   -3664658.3426686972   4939866.583155152
-1642640.5516179928   -3664657.6102565024   4939865.133647754
-1642640.950862832   -3664658.273160286   4939865.59913135
-1642640.2023921078   -3664658.050608124   4939862.225494362
-1642641.0767247688   -3664658.6097467784   4939864.851240628
-1642641.4752497182   -3664658.7399033103   4939865.273893496
-1642640.7725141037   -3664658.0147081567   4939863.89683029
-1642641.408171642   -3664658.877552294   4939861.541491515
-1642640.3470208247   -3664658.7099265307   4939861.433939075
-1642641.2473211244   -3664657.832161858   4939863.572957306
-1642641.6830007327   -3664658.492562209   4939863.742511833
-1642640.9912991887   -3664658.0912086098   4939861.718676157
-1642641.4838563306   -3664657.792985385   4939863.735705273
-1642641.4277610215   -3664657.7837827066   4939863.979718746
-1642640.0085751638   -3664657.738982385   4939861.893508738
-1642641.5629866847   -3664658.4492100966   4939863.154235922
-1642640.5590065573   -3664657.875662456   4939864.11460045
-1642640.1423024037   -3664658.9692830704   4939863.500324746
-1642641.2929616708   -3664659.120470535   4939864.424268508
-1642640.2769189074   -3664657.6733268704   4939862.170109127
-1642640.6161446045   -3664656.5657557435   4939861.7692476325
-1642641.4975749955   -3664658.1129438984   4939864.613474139
-1642641.6573725562   -3664658.769534941   4939863.181808651
-1642641.0227713445   -3664658.888219597   4939862.1008366225
-1642641.9815555452   -3664659.1490711486   4939862.655928695
-1642641.523988745   -3664658.2388516883   4939863.849658014
-1642641.4193589594   -3664657.703054523   4939864.19987828
-1642641.8901292768   -3664659.6123574027   4939864.301055945
-1642641.8127007603   -3664657.723423047   4939863.720402613
-1642641.427101019   -3664659.0884868284   4939862.617603782
-1642641.6409986638   -3664658.569012148   4939862.991816202
-1642641.3914495313   -3664658.943259836   4939863.383637903
-1642641.3758813876   -3664658.34450048   4939864.7917470755
-1642641.1376275693   -3664658.4295913223   4939863.521635316
-1642640.8207301511   -3664657.9684621673   4939862.398422323
-1642641.652964775   -3664659.129787173   4939863.931590475
-1642641.1834221866   -3664658.9867763054   4939862.039710103
-1642641.3172438508   -3664657.3423430477   4939863.583360564
-1642641.9345764555   -3664657.9898931296   4939864.03851902
-1642641.9594213185   -3664657.312071009   4939864.45037764
-1642641.8468918444   -3664658.437770316   4939864.664826554
-1642640.8869070765   -3664657.9543540026   4939865.279360926
-1642641.0608616716   -3664657.8001726614   4939864.589253259
-1642641.2022228653   -3664658.524972224   4939864.103151143
-1642641.3125087644   -3664658.717056778   4939862.58746234
-1642641.0767924536   -3664658.815610815   4939863.50971132
-1642641.4228177308   -3664659.3007016787   4939863.968582791
-1642642.2655782003   -3664658.8335058447   4939866.132044675
-1642641.5187874893   -3664658.302172528   4939865.839728092
-1642641.0935386857   -3664658.0050877677   4939863.795295644
-1642642.2149419354   -3664658.009591389   4939865.887966455
-1642641.3816580507   -3664657.7508885977   4939864.930568375
-1642641.1725627615   -3664658.457524309   4939864.300590098
-1642641.3057131348   -3664658.3881734447   4939861.6216145465
-1642641.6076727158   -3664659.038369533   4939865.12395723
-1642641.6176283357   -3664658.4341169484   4939864.87855404
-1642640.6123503612   -3664658.612566444   4939861.690850953
-1642640.6041281454   -3664657.495053341   4939864.131010517
-1642641.8894868048   -3664658.6791890697   4939865.950691386
-1642641.650791709   -3664658.622940032   4939864.956768514
-1642642.6889035932   -3664659.2336315406   4939866.197891682
-1642641.5026909919   -3664657.6504925103   4939864.484108852
-1642641.2699881878   -3664659.179611688   4939862.779539002
-1642641.4565951787   -3664659.099487764   4939862.392059933
-1642640.2131160367   -3664658.4678488844   4939862.177747066
-1642640.339012482   -3664658.5120351803   4939863.069547316
-1642641.2844039863   -3664658.030392004   4939865.478178448
-1642641.123097075   -3664657.2240363774   4939864.307211458
-1642641.5252345917   -3664657.140202962   4939861.858639788
-1642642.771310075   -3664658.120630501   4939863.926914934
-1642643.5616680854   -3664656.993556108   4939864.608625184
-1642644.845806692   -3664657.0454048985   4939865.026147722
-1642647.8586711423   -3664657.0218031183   4939861.84757906
-1642650.33610285   -3664654.689382042   4939862.111966621
-1642651.9788402964   -3664651.616282765   4939866.648264979
-1642653.3795243374   -3664649.591363209   4939864.375878673
-1642653.9566540478   -3664646.9588776054   4939868.523288208
-1642653.8615590152   -3664645.245235201   4939870.249724617
-1642653.056543913   -3664641.694445967   4939873.756026786
-1642653.302977241   -3664641.37376253   4939874.359006409
-1642653.1686388126   -3664639.0501231635   4939874.667279481
-1642652.2013342741   -3664638.536842906   4939876.848884482
-1642649.9697552656   -3664635.5157221793   4939875.160117117
-1642650.319141761   -3664635.166518166   4939876.021210473
-1642649.8229565877   -3664633.942605654   4939875.770118821
-1642649.0329515692   -3664635.0739819203   4939878.758864719
-1642647.4713372847   -3664633.9077579966   4939878.626418986
-1642646.485870747   -3664633.462760535   4939881.733624859
-1642642.7054833719   -3664632.6982847955   4939881.105199486
-1642640.224163078   -3664633.705088574   4939882.511388201
-1642638.17704931   -3664634.3597574094   4939880.082293758
-1642637.0412084318   -3664635.1991237854   4939882.04809455
-1642634.5509537696   -3664634.955116656   4939882.383618433
-1642632.3443198137   -3664635.9169819616   4939882.798010421
-1642628.7657187611   -3664637.7910884456   4939882.558969
-1642627.076871811   -3664637.3311036294   4939880.021703625
-1642625.9509520936   -3664639.3165673525   4939879.60027381
-1642624.3341087198   -3664641.684345927   4939882.457217387
-1642621.7783925128   -3664642.8379855705   4939883.230594999
-1642618.7225746703   -3664641.916214799   4939877.219590316
-1642617.785327123   -3664642.974131572   4939882.512092489
-1642616.815815411   -3664642.5693570427   4939883.516755929
-1642614.8247809608   -3664641.788630255   4939883.21430479
-1642613.231875686   -3664642.585135049   4939883.542030464
-1642612.940247163   -3664640.5814937414   4939889.754856727
-1642611.3829488624   -3664637.980506948   4939883.796431931
-1642613.5463044357   -3664636.699489624   4939888.830556779
-1642614.6496721916   -3664636.7167875376   4939886.729255624
-1642617.1296586103   -3664635.342258058   4939886.485829332
-1642620.5221558316   -3664637.0883906367   4939887.1066970555
-1642623.9693693721   -3664634.7097272975   4939888.760853496
-1642627.8200372262   -3664633.781021267   4939888.071670597
-1642630.9139744614   -3664631.554582416   4939890.951429549
-1642633.4554982895   -3664630.725873406   4939885.867096031
-1642636.389118602   -3664628.6196672763   4939884.011647355
-1642642.008138931   -3664626.2949846536   4939887.502901669
-1642647.0277612254   -3664625.273506466   4939886.011361058
-1642651.0750184564   -3664622.344231359   4939886.852428398
-1642656.5842439586   -3664620.5968771833   4939884.972015872
-1642661.81130462   -3664618.749236529   4939886.012792234
-1642664.5781716842   -3664615.010436147   4939884.024112933
-1642669.9917072998   -3664613.673762729   4939884.0538488785
-1642675.7475548391   -3664612.95294962   4939884.592213554
-1642680.0468863319   -3664611.4062181967   4939884.683913096
-1642682.615609498   -3664608.167652961   4939883.361823155
-1642688.6812139146   -3664607.1956862346   4939886.02257699
-1642694.1551439092   -3664605.622892455   4939886.755600534
-1642699.8425412644   -3664604.385511347   4939883.409327159
-1642703.8200880545   -3664601.867328683   4939882.630816682
-1642709.1881627527   -3664599.645425781   4939884.681405274
-1642714.9037517756   -3664597.612951198   4939884.478090679
-1642719.9118258378   -3664594.8179437923   4939884.200694098
-1642726.4964043808   -3664594.2761017405   4939883.384768384
-1642731.2514833685   -3664592.6276080115   4939881.044735025
-1642737.4613246515   -3664589.2799273683   4939882.279085062
-1642744.6204894944   -3664588.8482530094   4939878.272337049
-1642749.758004726   -3664586.335749248   4939877.157224802
-1642757.615114214   -3664584.6313122017   4939877.289271388
-1642763.6338880337   -3664583.5516599654   4939874.49743354
-1642771.6832425287   -3664582.1022364837   4939874.158732941
-1642778.9966385267   -3664581.1775783054   4939874.451106359
-1642784.5574742313   -3664579.1899079815   4939872.871928077
-1642792.4472082525   -3664578.203874321   4939870.983258354
-1642799.2394188684   -3664577.7319561117   4939870.508405973
-1642805.6170797404   -3664576.4949106844   4939867.363441567
-1642812.8321745459   -3664575.5476290905   4939868.248976281
-1642819.9467965679   -3664575.4052747698   4939864.722902122
-1642826.2837028527   -3664574.4397301823   4939861.951830302
-1642834.4491970865   -3664573.81563638   4939863.2350083655
-1642840.603679766   -3664573.647209961   4939859.644117909
-1642846.9720878936   -3664572.972749216   4939857.110699333
-1642853.69410169   -3664573.4450648767   4939856.619901866
-1642860.024219454   -3664574.4558182824   4939851.376990691
-1642867.482916054   -3664574.845490913   4939855.370754409
-1642872.4700126974   -3664574.3592977757   4939850.289627987
-1642878.136322335   -3664572.852420701   4939847.0959774405
-1642883.5107326692   -3664572.3322821073   4939845.195949928
-1642889.5719287107   -3664572.4175200886   4939842.947311254
-1642894.7747242383   -3664572.1617538068   4939841.458361756
-1642900.0111935558   -3664574.2525897017   4939839.299935303
-1642903.3605397982   -3664572.9695880353   4939841.3638658235
-1642905.0754878174   -3664572.987421162   4939838.433999992
-1642907.2526483263   -3664573.0629841946   4939836.982294908
-1642908.613303368   -3664573.389639743   4939835.4543216275
-1642911.1063465958   -3664573.889766498   4939836.104135363
-1642913.3833150354   -3664574.9070891216   4939837.915124819
-1642915.0719702875   -3664576.962630722   4939833.455192524
-1642916.203303499   -3664579.074132844   4939832.332269553
-1642918.0405986288   -3664579.3393389285   4939830.633984191
-1642917.9654435434   -3664581.1815616903   4939828.300474339
-1642920.147581102   -3664582.6486084657   4939827.470108424
-1642919.6210763121   -3664584.8037820198   4939822.135674068
-1642920.8243004016   -3664589.180217539   4939822.890102773
-1642920.4321695226   -3664591.518155335   4939819.541893044
-1642921.7958061178   -3664594.301292926   4939820.150671514
-1642920.2236232376   -3664597.760433174   4939814.720213021
-1642919.8655727725   -3664601.7002876704   4939814.197948195
-1642919.6557947572   -3664605.829095941   4939811.295333074
-1642917.5568297687   -3664608.3506871406   4939806.3458110755
-1642918.5323259698   -3664614.7870975635   4939807.751602555
-1642917.4631798887   -3664618.411362975   4939803.818566933
-1642915.364235301   -3664622.686753365   4939798.798181373
-1642913.150759828   -3664626.6006796365   4939793.988907436
-1642913.7392876125   -3664633.9824615084   4939793.108661232
-1642912.0421742145   -3664637.949442515   4939789.632479864
-1642910.8215810484   -3664643.6165953204   4939784.565715245
-1642909.7507090038   -3664647.1821827106   4939782.067378781
-1642909.3977766577   -3664652.891206829   4939781.325370192
-1642907.152310642   -3664657.6336497176   4939775.66805948
-1642904.9585941054   -3664663.26209583   4939770.358731517
-1642904.0422008391   -3664669.2093771254   4939767.232147868
-1642902.509846966   -3664675.406797331   4939763.413593162
-1642900.6402561818   -3664682.0654851366   4939757.251545523
-1642899.762551213   -3664687.1467971727   4939754.368112146
-1642897.3957827622   -3664694.522180316   4939744.638764016
-1642897.9567834039   -3664700.7556230407   4939736.0517420275
-1642896.589033696   -3664707.2671972546   4939745.929032258
-1642894.0840666252   -3664712.1631113766   4939734.983721985
-1642892.1801494716   -3664720.1705022347   4939739.354425244
-1642890.668961874   -3664727.9033134826   4939730.929328936
-1642889.738672286   -3664735.314269255   4939723.766814752
-1642887.4448407122   -3664743.7405813523   4939719.95158852
-1642885.9895660738   -3664748.81611966   4939711.144536072
-1642883.5304565248   -3664758.9774398855   4939713.982143994
-1642882.4385240565   -3664764.4678737978   4939703.386241935
-1642880.4702545393   -3664770.196263173   4939698.45061845
-1642879.1488325356   -3664779.1119263535   4939699.592382569
-1642877.4448726824   -3664786.718890563   4939691.544087557
-1642875.6632895963   -3664793.2628325   4939685.759055261
-1642874.752880736   -3664799.9962790944   4939679.7693969775
-1642872.9109208516   -3664807.9624752793   4939678.4295272585
-1642870.719940434   -3664814.0191472494   4939672.020303298
-1642868.763751238   -3664821.063161054   4939667.621466874
-1642867.4104876735   -3664830.3530714936   4939660.39666559
-1642866.0359795052   -3664837.6319445306   4939656.734436268
-1642863.6796034544   -3664844.007669628   4939652.993951947
-1642862.1882654666   -3664851.1795573346   4939646.325724154
-1642860.0614140516   -3664857.167022382   4939642.141182995
-1642859.064148589   -3664866.798222315   4939637.393526698
-1642855.1906364143   -3664874.3097437173   4939626.6203798475
-1642854.6797224572   -3664882.446552125   4939624.8178896895
-1642851.8220650868   -3664890.7245886144   4939621.221500562
-1642850.4761903326   -3664901.0678667   4939611.704766348
-1642848.284118892   -3664908.309533862   4939609.89335257
-1642846.5940877956   -3664916.946817742   4939603.462478308
-1642844.9933008172   -3664923.931817882   4939598.159262947
-1642844.8462061093   -3664930.3774533593   4939596.0764105
-1642843.0903869688   -3664934.7631766815   4939591.462342486
-1642841.7717619254   -3664938.740694511   4939588.376445434
-1642841.3666980187   -3664942.5584787736   4939585.190944066
-1642841.6920966136   -3664942.881236897   4939582.071014018
-1642842.7048499212   -3664945.728507977   4939586.892530355
-1642841.5778076479   -3664944.772733047   4939586.644313827
-1642841.1867167207   -3664947.366017737   4939582.346291367
-1642842.233898633   -3664949.182857011   4939581.232108685
-1642843.8713647313   -3664950.3102143137   4939576.929464055
-1642846.1896159828   -3664954.8156322646   4939571.889849436
-1642849.4659087423   -3664954.012090969   4939577.495721668
-1642852.6511064928   -3664954.377434619   4939576.173898143
-1642855.5465030621   -3664955.5667470475   4939570.966140283
-1642859.6614220531   -3664957.2046029535   4939569.286151093
-1642863.1881253482   -3664955.648869741   4939567.5043920735
-1642868.1747473187   -3664955.4022304704   4939566.494715351
-1642874.2081658512   -3664956.2916222415   4939566.238952454
-1642878.9587205662   -3664955.261285887   4939565.642530254
-1642882.9386097568   -3664955.104276128   4939560.754863692
-1642888.3634823642   -3664956.4097882556   4939559.929200276
-1642893.163882503   -3664954.7320917817   4939559.281027384
-1642897.680463531   -3664954.4343183003   4939555.728296336
-1642903.3233908743   -3664955.897307731   4939554.7284432035
-1642907.8566854822   -3664954.7784252157   4939553.457048199
-1642912.7020373314   -3664954.0755175417   4939549.566273672
-1642918.6439713563   -3664956.1049579955   4939551.046254728
-1642923.014350647   -3664953.930861103   4939549.563725067
-1642929.6515395788   -3664955.791028006   4939546.494435927
-1642936.3864929874   -3664956.2613057215   4939544.805344473
-1642942.7874316608   -3664955.6916385   4939543.460206705
-1642948.7776395273   -3664954.896212162   4939539.427686069
-1642955.558503226   -3664955.5152176316   4939536.664310152
-1642961.5472079213   -3664953.755576323   4939534.598779553
-1642966.8532261753   -3664955.3570216536   4939530.810628245
-1642973.4224276955   -3664953.9614571147   4939533.059850169
-1642980.0614294673   -3664956.2717258944   4939532.108479074
-1642986.4128844698   -3664955.493660353   4939529.645791078
-1642992.6889163759   -3664955.502852118   4939526.948759423
-1642998.6804989073   -3664953.4128032266   4939523.504700494
-1643005.7439337862   -3664955.488183434   4939520.914382482
-1643011.3564869817   -3664954.5092708776   4939517.94721076
-1643017.8895036941   -3664954.1583755906   4939516.1340865595
-1643024.6543441953   -3664955.636381222   4939513.979535205
-1643031.8385105329   -3664955.2190089864   4939509.705177691
-1643037.0784199385   -3664953.3303485215   4939509.3335429905
-1643044.7999961071   -3664955.505093414   4939507.935112993
-1643049.0934623966   -3664954.7270495705   4939505.307072709
-1643056.4190433773   -3664954.270287329   4939503.924856729
-1643061.0059020955   -3664955.1837519947   4939505.123359857
-1643066.1810472677   -3664954.5432121074   4939498.672523794
-1643071.8680954007   -3664955.523894953   4939496.30258265
-1643078.2105809401   -3664954.9061036613   4939496.476007565
-1643083.522827173   -3664953.9829007136   4939495.0113694025
-1643087.2805062486   -3664951.860115329   4939490.699330601
-1643093.0233190476   -3664953.7162629697   4939488.607306819
-1643100.0624871596   -3664952.190884091   4939491.798296789
-1643104.7738495402   -3664947.753545211   4939490.921651529
-1643109.3806516384   -3664946.256250442   4939487.525921132
-1643116.4299464065   -3664945.2079890305   4939491.123644244
-1643121.0615656709   -3664940.633497288   4939491.043354031
-1643126.9239757739   -3664936.756383045   4939490.101324038
-1643133.0430119906   -3664935.61402026   4939490.318265176
-1643139.012044053   -3664931.905624451   4939490.520002398
-1643145.9988164743   -3664930.6151904063   4939494.691767596
-1643151.6083116413   -3664927.9266474918   4939492.979529607
-1643156.4620061016   -3664923.142711523   4939493.44382846
-1643162.4348045248   -3664920.8609019415   4939492.673459124
-1643167.836821946   -3664917.387089736   4939493.793348234
-1643174.0394780303   -3664911.9592236895   4939497.747890261
-1643178.7407014747   -3664907.2192177526   4939498.74877606
-1643183.720274457   -3664902.976235269   4939499.796861093
-1643186.943037148   -3664896.6051979726   4939502.318202244
-1643191.1426587065   -3664891.2513715546   4939506.979236818
-1643193.3688618946   -3664884.1746678706   4939508.780149492
-1643195.2985091105   -3664878.3031551233   4939512.217097843
-1643195.5769235282   -3664872.19290542   4939516.0475633945
-1643196.9199699585   -3664868.044410495   4939520.766482312
-1643198.045377551   -3664860.8080768837   4939524.553922584
-1643198.3878000092   -3664856.755069113   4939527.032897358
-1643199.1831163443   -3664850.113782736   4939532.742159984
-1643199.7341812043   -3664845.8075258927   4939534.861210189
-1643201.343462033   -3664838.6622857195   4939541.25611559
-1643202.316328301   -3664832.74715748   4939542.493657846
-1643202.3655647433   -3664825.7425544923   4939547.764453794
-1643204.208420347   -3664820.146009638   4939555.557811069
-1643204.5832114825   -3664817.3762040613   4939554.795065359
-1643206.2062119124   -3664811.9847396207   4939561.258278523
-1643206.148179639   -3664806.356038059   4939565.167234964
-1643207.0828428527   -3664800.56955681   4939569.8391672755
-1643206.9541559645   -3664794.380847821   4939572.317484196
-1643207.586016987   -3664789.986568887   4939573.95076606
-1643209.5245535225   -3664784.08915377   4939578.985357057
-1643209.123374659   -3664776.563894415   4939581.911253528
-1643210.4257826575   -3664771.1049852488   4939588.72153574
-1643212.479974121   -3664766.2200339255   4939592.782184795
-1643212.7258298693   -3664760.489984844   4939598.3174946625
-1643213.7285708615   -3664754.7463912503   4939601.282819807
-1643214.200650559   -3664748.8935163002   4939604.035709814
-1643214.8980453808   -3664743.26901921   4939608.246396341
-1643214.785271394   -3664737.28320292   4939609.101072754
-1643215.685619333   -3664731.271264599   4939614.172667479
-1643216.2823933586   -3664727.3323807074   4939620.82888991
-1643215.9681849452   -3664719.4255159013   4939624.9711076915
-1643218.1238150059   -3664715.8341870764   4939632.239467551
-1643216.3830300476   -3664707.83913195   4939635.302894515
-1643216.7542424172   -3664703.970425332   4939638.334237673
-1643217.809839212   -3664698.434619213   4939639.441504408
-1643217.6530656936   -3664694.166045922   4939645.745350534
-1643218.395700524   -3664688.290398232   4939650.040121176
-1643218.9729949867   -3664681.8130125836   4939654.0986377355
-1643217.667790524   -3664675.616462724   4939656.658493789
-1643217.2057950404   -3664669.3665991914   4939661.460765266
-1643216.6059543388   -3664665.6534362715   4939668.914489435
-1643212.9159652398   -3664660.129096951   4939672.32040649
-1643209.5047927292   -3664654.4236163576   4939676.5471466705
-1643207.2959916573   -3664653.1664871303   4939681.639136893
-1643202.509180741   -3664648.4851715527   4939684.658486942
-1643197.9969420307   -3664645.4576779134   4939687.836416119
-1643193.3984403803   -3664642.7344510905   4939691.497406839
-1643187.9654704938   -3664639.8209263296   4939696.718420433
-1643181.5481144423   -3664639.6029336303   4939698.280080843
-1643176.1528702246   -3664636.754744748   4939699.249637693
-1643169.4612311828   -3664635.054820272   4939702.2598289065
-1643163.5404568976   -3664635.3745028893   4939703.801026154
-1643158.5092590346   -3664637.802615719   4939706.918792033
-1643152.927050302   -3664638.517074306   4939711.228237545
-1643146.8771437886   -3664639.96480442   4939710.727519985
-1643138.759045939   -3664639.3154578805   4939710.078550232
-1643132.2239870096   -3664642.8019402786   4939711.950335816
-1643125.7574792695   -3664644.1891130903   4939712.526451727
-1643119.1957867355   -3664647.319526195   4939716.408952909
-1643111.756143372   -3664649.9747255854   4939714.302361242
-1643102.8322145003   -3664651.1786879413   4939714.298259898
-1643094.9235781773   -3664651.236592197   4939716.816723671
-1643088.1812663046   -3664655.3044097666   4939720.772405237
-1643079.0523970877   -3664656.324393294   4939718.243023959
-1643070.94079768   -3664659.570829674   4939720.920115493
-1643064.5470050883   -3664660.423482086   4939722.800607763
-1643057.7217436389   -3664662.0955486777   4939722.949962258
-1643050.6567003343   -3664663.1938107437   4939724.918379923
-1643044.434141637   -3664663.9192846096   4939728.710393
-1643037.141722487   -3664665.720440291   4939728.115474579
-1643030.5132903717   -3664666.45821538   4939731.0378733445
-1643023.042939781   -3664667.2689656825   4939732.306649556
-1643016.4289825838   -3664669.303253668   4939733.204429078
-1643009.9237149276   -3664671.5459859925   4939735.575826911
-1643001.5983840777   -3664671.777415893   4939735.635011662
-1642994.0485335984   -3664671.3739641136   4939738.134412566
-1642987.51091123   -3664673.017244121   4939742.074756988
-1642979.6448107513   -3664673.697338836   4939741.239828142
-1642972.7565901221   -3664673.1766586867   4939746.296182014
-1642964.7293314359   -3664673.4643242424   4939744.345981328
-1642960.1004772051   -3664673.2467134967   4939752.14899746
-1642952.2813245356   -3664673.6138755507   4939751.030833946
-1642946.241422543   -3664673.2466180953   4939754.503185167
-1642940.241630181   -3664675.0233223243   4939755.267009614
-1642933.5072305927   -3664675.147970203   4939755.793915804
-1642927.2779790647   -3664674.2849447303   4939753.723661826
-1642920.9447007002   -3664673.011870843   4939755.777816878
-1642918.2112241944   -3664673.386647175   4939760.301061427
-1642914.590353333   -3664674.1363607273   4939759.302505661
-1642913.877777794   -3664675.3544673836   4939760.1972958315
-1642912.5665400052   -3664674.208065335   4939760.851844106
-1642911.8453298043   -3664674.439630558   4939759.651814136
-1642909.3950128928   -3664674.5672529778   4939757.692083053
-1642907.6238239703   -3664675.5438746614   4939759.548966493
-1642904.662461007   -3664677.5313133122   4939760.663862335
-1642902.9415318284   -3664680.7345498186   4939760.908379573
-1642902.288141263   -3664685.2349831336   4939759.213257963
-1642899.001113802   -3664689.3774751904   4939750.754168307
-1642898.449582201   -3664694.5583005813   4939749.650089485
-1642897.0694329995   -3664698.6184374155   4939745.338625865
-1642896.6533304732   -3664704.307050287   4939739.263156691
-1642894.4952584112   -3664711.817047401   4939730.980615818
-1642892.793211064   -3664719.184595945   4939729.872323865
-1642891.4084867735   -3664726.333211003   4939728.430308091
-1642889.6667634526   -3664731.878990099   4939725.543243883
-1642888.751545672   -3664741.901437147   4939724.426865178
-1642885.873066018   -3664748.8109777877   4939713.462745945
-1642883.9536375997   -3664756.6110837758   4939705.722238464
-1642882.1600031862   -3664764.2744661486   4939700.425229944
-1642880.3528920803   -3664771.494608075   4939692.291002579
-1642878.7143108072   -3664778.687281793   4939692.167320718
-1642877.2584542567   -3664787.885453154   4939686.882977338
-1642875.798561977   -3664794.4232314746   4939684.287855443
-1642873.0981452982   -3664801.6905865604   4939678.331223154
-1642872.3228554442   -3664809.9830250475   4939674.207586734
-1642870.1147308552   -3664815.3451964245   4939670.571665266
-1642868.413360033   -3664822.524099163   4939665.1827562945
-1642866.351645999   -3664830.526304002   4939660.892202575
-1642864.5542723096   -3664837.374895843   4939654.070084109
-1642863.5270715838   -3664843.8188127405   4939653.330884417
-1642862.1541394382   -3664850.1172392475   4939649.328155979
-1642859.5601726028   -3664858.556812575   4939642.1125781275
-1642859.0877303388   -3664866.201172806   4939640.09059686
-1642857.538009057   -3664873.1993755186   4939633.795868885
-1642854.5659580762   -3664877.7474584687   4939627.43176165
-1642853.0184314833   -3664885.806899917   4939625.512734431
-1642851.7100237065   -3664893.846943589   4939620.584357679
-1642850.7945597693   -3664900.4384634797   4939615.44246746
-1642848.0554035741   -3664906.38932982   4939606.738934461
-1642846.4611662854   -3664915.086119964   4939604.598473751
-1642845.7975844536   -3664922.3620098894   4939600.389853887
-1642844.1765609188   -3664927.6068767384   4939595.153936678
-1642842.913318747   -3664933.244539824   4939591.615648374
-1642842.3613525548   -3664938.998456642   4939591.256104943
-1642842.3137008522   -3664942.208721739   4939585.791582761
-1642841.6642069144   -3664942.9637801074   4939584.531962059
-1642841.3382298201   -3664945.004203722   4939583.647938423
-1642841.5243734568   -3664944.3095496525   4939582.094736166
-1642842.8276573461   -3664947.9329251545   4939581.945132057
-1642842.6756768036   -3664947.5537257656   4939580.438375915
-1642843.438942759   -3664948.3509055353   4939581.497791461
-1642845.1428458868   -3664949.985975295   4939578.684075376
-1642847.9573786727   -3664953.2977792663   4939578.199681912
-1642849.813443847   -3664954.244753398   4939576.542554005
-1642852.5102042041   -3664954.9937819936   4939572.463663709
-1642857.7686323922   -3664956.2843209957   4939571.702639451
-1642861.7828277522   -3664955.588979079   4939571.4582773885
-1642866.7227691442   -3664954.4738925276   4939567.206006623
-1642872.0393944138   -3664953.831742281   4939560.613413064
-1642878.1432094937   -3664953.7798827006   4939563.1844887175
-1642883.0848594795   -3664953.401491137   4939557.804739724
-1642890.9370932213   -3664955.253748713   4939559.550706025
-1642896.723920721   -3664955.090192016   4939558.490851762
-1642904.4928969636   -3664954.8806123454   4939555.488104947
-1642910.8416345357   -3664955.3830641303   4939552.3776812535
-1642916.9228202887   -3664956.594086083   4939546.8969052415
-1642924.2039875358   -3664956.442142808   4939545.899295491
-1642931.243779561   -3664954.8930937196   4939546.271735089
-1642937.3021396503   -3664955.5608054604   4939541.351111956
-1642944.2760644592   -3664955.3953005364   4939539.501315577
-1642949.8875918246   -3664954.547457152   4939537.598952999
-1642955.1974838208   -3664954.209532901   4939539.701918068
-1642963.0793826648   -3664953.805427958   4939536.675895968
-1642969.4212263566   -3664951.569937189   4939532.680616347
-1642976.2559645788   -3664953.8156538703   4939531.262947187
-1642983.7410719763   -3664953.31611084   4939531.282689799
-1642989.9609433434   -3664953.2963823816   4939521.0971269645
-1642997.6450752001   -3664953.023190331   4939522.681894317
-1643004.8969104262   -3664952.8966913554   4939518.686244082
-1643012.326794835   -3664954.5739224125   4939518.723287577
-1643018.6926233913   -3664954.2947120327   4939514.770274742
-1643026.3661666967   -3664955.6548196934   4939512.479499425
-1643033.19063436   -3664956.500249886   4939511.705025712
-1643040.5036173984   -3664955.536905249   4939506.166193073
-1643047.7836331292   -3664954.598250429   4939503.250346948
-1643054.6080973244   -3664954.9492495097   4939502.182964446
-1643062.3124155807   -3664955.2693961   4939501.146964937
-1643068.1793525796   -3664955.085090308   4939496.971658386
-1643075.7292859862   -3664954.649278049   4939493.453422365
-1643082.6206177874   -3664954.4617083827   4939494.4624714665
-1643087.7616828864   -3664952.604256308   4939493.624801183
-1643094.3151346566   -3664953.7951771365   4939491.564961056
-1643101.1465239273   -3664947.622079174   4939493.561893099
-1643107.3500973277   -3664946.1318296245   4939489.045495169
-1643113.985772333   -3664943.8986277157   4939491.396400473
-1643120.880215895   -3664940.8381804656   4939491.312591923
-1643127.9894119727   -3664936.8363070083   4939495.230909083
-1643135.447147102   -3664933.3191402983   4939488.841252432
-1643143.70037415   -3664928.0204096735   4939490.726737868
-1643152.4454844734   -3664925.124650296   4939493.901872083
-1643161.2081983702   -3664921.4734683773   4939491.388797339
-1643168.582852772   -3664915.5640600864   4939493.985504039
-1643174.2629364142   -3664908.73999544   4939495.926562427
-1643180.8526916008   -3664904.9779944313   4939499.131496946
-1643186.4655551047   -3664897.1258900478   4939503.169295664
-1643191.0822155615   -3664889.924686099   4939508.44404807
-1643193.0791883296   -3664881.8711825823   4939509.056833592
-1643195.729970658   -3664873.53479826   4939518.270458791
-1643196.5700785145   -3664865.849534493   4939521.811213275
-1643197.8865022925   -3664857.918188207   4939528.266741252
-1643199.0472445867   -3664850.5570304426   4939534.045353399
-1643200.714294814   -3664840.3807305326   4939544.021580183
-1643201.7546904034   -3664833.5065489337   4939548.344992153
-1643202.579743426   -3664823.125635011   4939550.944022426
-1643204.677617952   -3664814.890505401   4939558.1797318775
-1643205.728231499   -3664807.610633543   4939562.179543102
-1643207.3455025645   -3664797.3551811045   4939570.213025735
-1643208.383332162   -3664789.8109160364   4939576.541119543
-1643209.8532456728   -3664781.191811121   4939582.061700141
-1643209.647145091   -3664771.807057343   4939586.316710499
-1643212.4920693124   -3664764.629500095   4939591.943062753
-1643212.9569111804   -3664755.0208877334   4939597.69770527
-1643213.9243831385   -3664746.261083573   4939605.401830205
-1643214.9259204348   -3664737.2245908305   4939611.763464268
-1643216.2290731254   -3664729.963946305   4939620.588679649
-1643217.1447091491   -3664719.4116852176   4939625.60155673
-1643216.8136214542   -3664710.8955477313   4939631.187094746
-1643217.5735151235   -3664701.525820705   4939639.001602244
-1643217.7431509097   -3664691.6726915906   4939644.791819255
-1643219.6385792175   -3664683.0232458827   4939655.037418939
-1643218.8838127598   -3664675.412508758   4939661.342991599
-1643216.178964942   -3664666.6979448604   4939663.633353426
-1643213.3221281588   -3664659.262449419   4939673.293921126
-1643207.5695754017   -3664652.839398379   4939678.531909984
-1643202.2785429987   -3664648.535624127   4939685.730862998
-1643194.2603850549   -3664644.849486647   4939691.067029624
-1643186.5725887541   -3664640.146362066   4939697.340376417
-1643178.472823984   -3664637.6807972733   4939701.056241739
-1643168.1200889547   -3664636.837931751   4939706.798654655
-1643157.6616044443   -3664638.192490274   4939708.037210227
-1643148.650257977   -3664638.2753575845   4939711.62239872
-1643137.8557986473   -3664642.19842938   4939711.358539517
-1643128.2770738052   -3664644.8706512623   4939712.793470973
-1643116.7474666259   -3664648.173066533   4939713.730238687
-1643107.3149840937   -3664649.3822812075   4939715.705475747
-1643096.9521549463   -3664652.3492675927   4939718.195299613
-1643087.045710772   -3664655.458336008   4939718.311433027
-1643078.242055519   -3664657.1426438317   4939719.777822185
-1643069.58323356   -3664659.4548306228   4939722.151111614
-1643060.0379550785   -3664660.9727723394   4939721.373748456
-1643054.9307643736   -3664662.451725342   4939724.8176557
-1643050.8736560133   -3664664.558983675   4939726.109395994
-1643047.7163970969   -3664664.4574090443   4939726.2416497115
-1643045.6659552571   -3664664.6765414895   4939729.951919244
-1643043.036958185   -3664665.3820334435   4939727.173871211
-1643041.0270479596   -3664665.227066209   4939728.20532802
-1643039.3334362176   -3664665.179022151   4939725.780942884
-1643035.9188451946   -3664665.341835267   4939726.343756934
-1643032.1270341005   -3664668.1772521976   4939725.555459181
-1643029.0910050198   -3664667.193089626   4939728.0667422805
-1643024.5821327874   -3664667.927436598   4939729.50270099
-1643020.929529563   -3664669.9616681905   4939732.773114462
-1643015.7432915464   -3664669.2024439396   4939734.749959335
-1643010.630191136   -3664669.697266272   4939733.010825114
-1643006.6221646713   -3664671.0790876993   4939736.452688984
-1643001.159384753   -3664670.3789845244   4939735.144405493
-1642996.3305580895   -3664671.2544032065   4939737.802766385
-1642992.298548754   -3664670.6948218876   4939740.521201472
-1642985.433577099   -3664671.954557245   4939739.238783024
-1642979.168899601   -3664671.707817447   4939739.717794151
-1642972.2372756912   -3664672.6282776673   4939742.715956112
-1642964.833407802   -3664673.0749860564   4939745.504268443
-1642956.974935889   -3664671.4687052653   4939747.121053635
-1642949.9084680022   -3664672.762036167   4939748.743232997
-1642943.1791879802   -3664672.216344905   4939753.754015075
-1642935.0340059071   -3664672.1664392804   4939753.234805102
-1642929.7682358888   -3664673.2108096657   4939756.745663814
-1642924.2428359499   -3664671.2330964087   4939758.593522528
-1642920.4884652484   -3664670.886383077   4939759.181284065
-1642919.613932272   -3664673.850188095   4939761.067608972
-1642916.8010857769   -3664671.157513963   4939763.9651969
-1642915.1892333995   -3664674.6846679645   4939765.666627845
-1642913.4135325127   -3664672.980443862   4939758.782392755
-1642911.3894828514   -3664674.336162088   4939763.995295169
-1642912.5869976133   -3664674.95822503   4939765.164931311
-1642909.6235660312   -3664671.7843025834   4939764.439205121
-1642905.2024438474   -3664670.421065464   4939767.672113969
-1642899.2898633492   -3664667.1620324766   4939769.985746361
-1642895.865944685   -3664666.0062568253   4939773.516922094
-1642893.5348165561   -3664660.0448073437   4939780.659865538
-1642894.1995935272   -3664652.565371892   4939783.761383133
-1642895.7586746162   -3664643.9216344254   4939789.816927538
-1642897.7056726047   -3664634.9534891145   4939797.663153468
-1642900.6036976748   -3664627.998849318   4939802.457354545
-1642902.3205057583   -3664619.9041651753   4939805.909705141
-1642903.4033742824   -3664611.7110160976   4939811.9637230355
-1642902.5559271483   -3664605.5875045527   4939816.4509375235
-1642901.526664625   -3664598.8453188855   4939819.657367077
-1642897.3133976047   -3664591.290090103   4939823.7934617745
-1642892.1847601163   -3664589.1017657914   4939830.837056309
-1642886.6228928978   -3664586.3608781453   4939835.012252106
-1642879.1397600272   -3664583.1581231845   4939839.799539372
-1642872.2434238691   -3664583.6818148885   4939843.702431507
-1642860.7558913236   -3664582.277450409   4939845.387882792
-1642851.4351954695   -3664583.5785815935   4939849.163375693
-1642839.2761277945   -3664584.901525619   4939850.000317254
-1642828.22799094   -3664584.618885632   4939856.615936471
-1642815.8326098837   -3664584.857426622   4939856.864437224
-1642802.8576277099   -3664587.1989622926   4939857.982946863
-1642792.0933355363   -3664589.2649425985   4939865.639445808
-1642779.587181969   -3664590.791780262   4939867.870106224
-1642767.3835295194   -3664594.0338998064   4939870.516965405
-1642756.2475013828   -3664596.924602088   4939871.861875117
-1642744.4244390114   -3664599.8485570243   4939874.668865355
-1642733.0525962627   -3664602.4357619626   4939876.590485048
-1642722.3638650426   -3664607.4637228707   4939875.040618388
-1642711.6444090384   -3664610.685742483   4939876.242447811
-1642701.9097778362   -3664613.7605599165   4939877.608076626
-1642691.3921030816   -3664615.657711938   4939877.379376693
-1642681.662922741   -3664621.2197989468   4939880.88149509
-1642671.7134154881   -3664623.968145087   4939875.489642362
-1642664.363690344   -3664626.639331473   4939877.98735633
-1642657.898016716   -3664628.6053683003   4939880.161822689
-1642654.3319854278   -3664631.5586932497   4939878.618737707
-1642652.4926235504   -3664633.06646546   4939881.751472108
-1642651.9071718296   -3664634.8847288657   4939876.591669853
-1642651.478592476   -3664638.899248002   4939874.716393768
-1642652.1420614265   -3664640.969257889   4939872.865067232
-1642654.043833508   -3664645.5650716415   4939872.875137075
-1642652.1480269183   -3664647.178963991   4939867.583796844
-1642652.6404240706   -3664649.3933136063   4939866.604147982
-1642650.657276404   -3664652.7962985476   4939864.769695937
-1642648.722476625   -3664656.9667427186   4939862.718182334
-1642644.843177452   -3664659.334919274   4939866.756152167
-1642641.4572792281   -3664660.7300945166   4939864.374161514
-1642639.1813136656   -3664660.541495629   4939863.986918775
-1642637.7564921067   -3664661.808859153   4939863.012471717
-1642638.5290069466   -3664661.677226099   4939864.42352277
-1642639.1910820939   -3664662.489061585   4939866.45944289
-1642639.1898929689   -3664662.2015311294   4939864.013371458
-1642639.6104301917   -3664663.33945789   4939864.058459882
-1642639.188552985   -3664662.2216054867   4939863.532159688
-1642639.9346220877   -3664662.7834526184   4939865.678681764
-1642639.477912817   -3664662.367339424   4939865.1574392
-1642639.5562440713   -3664662.262514619   4939863.782503226
-1642639.4188324816   -3664661.910942919   4939864.19002028
-1642639.7129240432   -3664663.4834335567   4939863.06417957
-1642638.8114852852   -3664662.5667750607   4939865.49851223
-1642638.7561000704   -3664663.1836375985   4939864.751189744
-1642639.2157674753   -3664662.9075201005   4939865.375774118
-1642638.9159626076   -3664661.94950822   4939866.183812942
-1642638.6793563543   -3664661.8482668553   4939865.601408548
-1642639.0052146318   -3664662.7706014146   4939864.674878285
-1642639.342389707   -3664662.123380509   4939866.205000653
-1642639.5400360306   -3664662.928343236   4939866.122392236
-1642639.4856424734   -3664662.9640044435   4939864.407129217
-1642639.1352299456   -3664661.457218864   4939865.308267707
-1642639.8760121907   -3664662.635109152   4939863.987420141
-1642639.019303918   -3664661.716014938   4939864.020225975
-1642638.31543947   -3664662.395561271   4939862.244350849
-1642639.6605279231   -3664663.015355175   4939861.849157704
-1642639.496669646   -3664661.4494692427   4939866.140439648
-1642638.325299729   -3664661.9300885536   4939862.118112047
-1642639.2705225588   -3664660.2858202984   4939864.242444019
-1642639.3686126634   -3664660.7535450035   4939861.447068966
-1642638.9223795712   -3664661.1316252886   4939862.138995303
-1642639.4348724044   -3664661.4180397387   4939862.783027943
-1642639.639543999   -3664662.536626113   4939861.900791177
-1642639.0481773918   -3664663.1203774484   4939861.78724463
-1642638.9651488191   -3664660.7406202303   4939863.015604663
-1642638.5503519503   -3664659.8701599333   4939858.932510341
-1642639.056641047   -3664660.9668013956   4939865.352506964
-1642639.0005461895   -3664660.7936871294   4939861.178620862
-1642639.4200713236   -3664661.2663548663   4939863.328661454
-1642639.0162412736   -3664659.7156823752   4939863.028692647
-1642639.3969879507   -3664660.8219897174   4939863.516870324
-1642638.2518451235   -3664660.427094962   4939863.619603479
-1642638.8901055304   -3664661.2657886264   4939863.162911731
-1642639.0245521474   -3664660.779203327   4939865.021959704
-1642638.6731665225   -3664660.451586111   4939863.0165833505
-1642638.1897717244   -3664661.2171612903   4939863.887272482
-1642639.3015576233   -3664661.67969441   4939863.847976461
-1642638.5331515   -3664660.282048161   4939860.958669659
-1642638.8087863056   -3664661.439384716   4939863.901032743
-1642638.5732198139   -3664661.100892138   4939864.124834985
-1642638.4979864417   -3664660.195347394   4939861.971624246
-1642638.1009134012   -3664661.5425139824   4939860.580058925
-1642638.7310810282   -3664661.655309049   4939862.701879621
-1642638.3232627956   -3664660.6166317784   4939862.377758903
-1642638.4632189723   -3664660.3661495657   4939864.475681499
-1642638.6009990273   -3664661.118703968   4939863.326991529
-1642639.1885252132   -3664659.5861760066   4939865.954018737
-1642637.7541607358   -3664660.5369355683   4939863.659498547
-1642637.4722458532   -3664659.2755892067   4939862.780633778
-1642638.5484318896   -3664661.3769795233   4939865.735541082
-1642639.5354097653   -3664661.140008182   4939865.170390935
-1642639.50382626   -3664661.133241055   4939865.760208205
-1642639.0760736987   -3664660.1372364913   4939866.163168057
-1642639.3589869866   -3664659.379423948   4939865.144596953
-1642639.6992866823   -3664660.3934370815   4939865.479733409
-1642639.2066708365   -3664661.1303962762   4939862.953180323
-1642639.613985389   -3664660.7205250794   4939865.709025307
-1642638.3730141   -3664660.7806234295   4939863.988663432
-1642638.902775443   -3664661.299928183   4939865.208409076
-1642638.7030230495   -3664659.0602371297   4939864.262912935
-1642638.272592032   -3664659.3812154406   4939863.2929028785
-1642637.567547405   -3664660.2418714575   4939861.032405334
-1642638.8816296475   -3664660.3200040534   4939862.330970653
-1642639.6710918942   -3664660.8927730243   4939867.2085429495
-1642638.5870272045   -3664660.926615969   4939864.201465123
-1642637.8581139988   -3664660.4265902406   4939858.745330064
-1642638.1474173672   -3664660.0189816398   4939862.129900073
-1642638.8061063692   -3664661.851114026   4939864.32477517
-1642638.9249131586   -3664661.095956527   4939866.724761398
-1642638.6694056646   -3664661.1364499633   4939864.052010575
-1642639.370990283   -3664661.573938737   4939863.756834104
-1642639.6355239602   -3664662.05941084   4939863.385961369
-1642638.4657708805   -3664662.2534431657   4939863.828699842
-1642638.901460542   -3664661.521293553   4939864.9082176
-1642638.9312844488   -3664661.1919036196   4939865.171265531
-1642638.0056241965   -3664660.283529161   4939861.730926388
-1642638.1190531263   -3664660.785116125   4939863.398965269
-1642637.7853054472   -3664661.641698701   4939856.850261
-1642639.242158968   -3664662.352102502   4939863.109963672
-1642638.7525474585   -3664661.6393881883   4939862.947093755
-1642638.699165836   -3664661.786845285   4939861.7219756665
-1642638.674793125   -3664661.6120973593   4939860.172483664
-1642639.244431423   -3664662.406843213   4939863.026830796
-1642638.9700213524   -3664661.858562826   4939861.4229840785
-1642638.5928984738   -3664661.6955476897   4939863.640678315
-1642638.8689043184   -3664660.2728202776   4939863.024208282
-1642637.757056822   -3664662.142889793   4939860.751172413
-1642638.924114475   -3664661.561452275   4939861.449083704
-1642638.902692341   -3664661.263010997   4939859.547768779
-1642638.6952734806   -3664662.201947297   4939858.456583319
-1642639.1653346175   -3664660.6519974554   4939864.205515808
-1642638.9695640537   -3664662.3228829443   4939863.357855017
-1642638.3772694927   -3664661.7892720057   4939861.674528221
-1642638.5507360133   -3664662.487383986   4939865.446115835
-1642639.3231684444   -3664662.295642152   4939864.30693893
-1642639.127462792   -3664662.9535556473   4939859.973950484
-1642637.7611700573   -3664661.9718834856   4939861.805631074
-1642638.3111816938   -3664660.376457164   4939862.530477784
-1642638.3610058494   -3664660.6106210393   4939863.275581221
-1642638.391373234   -3664662.1264218097   4939863.32012481
-1642637.5070145442   -3664662.990032913   4939860.3533787895
-1642637.184627502   -3664662.2218563138   4939866.268358549
-1642637.4352831442   -3664663.428798117   4939866.812606523
-1642633.4519975816   -3664662.1133376514   4939865.793373985
-1642631.791299422   -3664662.4820908336   4939864.095878253
-1642629.3022943453   -3664662.9062305675   4939864.762677409
-1642625.4568429228   -3664663.7384416554   4939863.622060723
-1642623.1398343917   -3664664.1650585933   4939867.074329573
-1642619.634377614   -3664667.6482642367   4939866.711679126
-1642616.27637461   -3664667.295992218   4939870.716327752
-1642612.622956191   -3664668.563129121   4939868.566054795
-1642608.8375831947   -3664669.7101005693   4939871.718916048
-1642605.778017077   -3664670.4611334885   4939867.018596131
-1642601.0182137473   -3664672.843862835   4939863.78326755
-1642598.5165924223   -3664673.9195833723   4939871.29381862
-1642594.3774614523   -3664674.9403187246   4939866.951793157
-1642590.6124540642   -3664678.573405816   4939864.64093811
-1642586.1558244666   -3664679.5075094593   4939870.336111348
-1642582.0056401042   -3664681.8387729023   4939869.493965256