-1642640.611660601   -3664658.067132325   4939864.76043761
-1642640.9908486411   -3664657.9094302836   4939866.196387655
-1642640.290058433   -3664657.3963955576   4939864.510730632
-1642641.0358413106   -3664658.571351348   4939863.611059611
-1642640.6609808505   -3664657.305590722   4939863.417833564
-1642641.5772567769   -3664659.534122792   4939864.412745254
-1642640.5352107766   -3664658.738292577   4939863.518686189
-1642640.6895403638   -3664659.458861078   4939862.883299625
-1642641.1642697547   -3664657.8126045177   4939864.236162707
-1642640.7485693467   -3664658.303334851   4939863.811383339
-1642640.8507616636   -3664658.957906567   4939864.419976342
-1642641.8998879495   -3664659.175782946   4939863.637067393
-1642641.0500997195   -3664658.6367279612   4939864.268865047
-1642641.0839352515   -3664658.6976426174   4939864.173703711
-1642641.489376121   -3664658.0850958163   4939864.788567103
-1642640.9643201353   -3664658.14170385   4939863.033481526
-1642642.3441200263   -3664658.9032660485   4939864.507952826
-1642642.409184609   -3664660.650397248   4939866.794874012
-1642641.0879649841   -3664658.598336486   4939862.565357183
-1642642.4544244215   -3664660.7578972257   4939863.673430815
-1642641.812031444   -3664658.95968773   4939863.022648306
-1642641.4450107266   -3664659.2373322253   4939864.1126766335
-1642640.8744636315   -3664658.8531775167   4939863.378898293
-1642642.31017016   -3664659.0016662884   4939865.26927023
-1642641.4427410606   -3664657.8938496066   4939863.654370126
-1642642.5176866117   -3664658.0263145864   4939866.1664966345
-1642640.9894918054   -3664658.725660057   4939864.628783107
-1642641.2806708463   -3664659.0647695125   4939865.169189152
-1642641.4870153158   -3664659.786173442   4939864.03643922
-1642641.1407131832   -3664659.0547016924   4939862.893125154
-1642641.0860337468   -3664659.330913439   4939864.088532942
-1642640.4936507863   -3664658.8108949796   4939863.80289635
-1642640.9247588515   -3664658.773195724   4939864.741075217
-1642641.6351019156   -3664658.431102319   4939862.98671966
-1642640.197464245   -3664658.14781314   4939862.00740153
-1642640.4900540763   -3664657.8826664174   4939861.9288685145
-1642641.5296324838   -3664659.688447758   4939864.73831137
-1642640.9469936036   -3664657.832127377   4939862.420468071
-1642641.2793295821   -3664658.9418151183   4939865.460581571
-1642640.7484843782   -3664659.1507952535   4939863.776815493
-1642640.2063680228   -3664656.7676193016   4939862.1412498625
-1642640.7893622715   -3664658.016976093   4939863.164310387
-1642640.2337056678   -3664656.7780889864   4939863.025604953
-1642640.953611246   -3664659.2918827985   4939863.672619857
-1642640.3324495824   -3664658.189534008   4939864.755513121
-1642640.5583061778   -3664657.871422907   4939864.010949311
-1642641.3259217027   -3664658.609503138   4939865.546682501
-1642640.6911611788   -3664658.280715771   4939863.922699009
-1642641.131252213   -3664658.8448915053   4939864.821085801
-1642641.1811140347   -3664658.7306781546   4939864.220715099
-1642641.15240198   -3664659.016359492   4939864.756651503
-1642640.9906847947   -3664658.896195983   4939866.916917818
-1642640.9888877715   -3664660.198025033   4939865.088965139
-1642640.2400126483   -3664658.970716444   4939863.1200509565
-1642639.8431486397   -3664658.291522067   4939865.22289755
-1642639.8961705463   -3664658.2057796936   4939864.118535437
-1642640.2538346017   -3664658.387270059   4939864.282671483
-1642639.8362815233   -3664658.6405962445   4939864.169009853
-1642640.6755206257   -3664659.2301755063   4939862.9590836195
-1642640.6901878298   -3664658.823297202   4939863.7005327465
-1642640.3033112367   -3664658.864773255   4939862.485529627
-1642640.8818883847   -3664659.01446891   4939864.271597725
-1642640.4456796579   -3664658.6596831437   4939864.649581224
-1642640.3662108267   -3664658.3369228095   4939864.661279946
-1642640.1961939794   -3664659.1750329756   4939865.561215949
-1642640.3234489749   -3664658.362114842   4939863.267916846
-1642640.6148497309   -3664658.854748655   4939864.628432344
-1642640.6737214224   -3664658.976904128   4939865.038477749
-1642640.749537968   -3664659.907511667   4939864.125113325
-1642640.5593752307   -3664657.963757519   4939864.649969295
-1642640.070186078   -3664657.8964158427   4939864.283470108
-1642640.7881766665   -3664659.2550755683   4939866.026592457
-1642640.947386555   -3664659.6974333166   4939865.410416195
-1642640.1399753755   -3664659.636537827   4939864.829500252
-1642640.2631526997   -3664658.147021535   4939864.048367879
-1642640.0500490267   -3664659.27497458   4939864.163369216
-1642640.4926790916   -3664658.616071639   4939862.586207693
-1642640.8833692684   -3664658.935304456   4939863.303327759
-1642639.705691529   -3664657.913828351   4939863.031172969
-1642640.1140440295   -3664657.6946077854   4939863.797684685
-1642640.0731524772   -3664658.433896371   4939864.194488906
-1642639.8737730454   -3664657.398674367   4939864.599889548
-1642640.3996806764   -3664658.4776585023   4939864.401721729
-1642639.5674899484   -3664657.890934675   4939863.254018792
-1642640.8711978977   -3664659.4182166634   4939865.09548074
-1642640.9087389505   -3664658.4024103964   4939864.213360209
-1642640.5271315577   -3664658.437825031   4939865.239516275
-1642640.1003071058   -3664658.3899107995   4939864.170508383
-1642640.998242644   -3664658.762263745   4939864.723901983
-1642640.8444701156   -3664658.102329495   4939864.939477593
-1642640.8606908654   -3664659.7897611386   4939865.99870709
-1642642.254059372   -3664659.4951368384   4939866.291449007
-1642641.0011377572   -3664658.7595654   4939865.155183979
-1642640.4895326993   -3664657.277219109   4939863.556609206
-1642641.171344939   -3664658.902715613   4939866.635751324
-1642640.4780401778   -3664657.817381438   4939864.401758988
-1642640.6540464177   -3664658.0624255035   4939863.2664530305
-1642640.415239189   -3664658.611395785   4939863.384501501
-1642641.621244307   -3664660.1472022193   4939864.571733366
-1642640.6718980228   -3664657.8299787166   4939862.467231459
-1642641.3647158223   -3664659.244467742   4939864.431095467
-1642641.581813012   -3664658.5168788447   4939866.357924019
-1642642.6544550175   -3664657.932293364   4939867.284950486
-1642641.0295204185   -3664657.8244211674   4939862.851510545
-1642640.725818217   -3664659.5100911977   4939863.624223919
-1642641.8278232657   -3664659.2331994795   4939864.281775394
-1642640.855930435   -3664658.803814624   4939865.144047646
-1642641.650085392   -3664659.181334854   4939865.739829326
-1642641.5671067438   -3664658.939480487   4939866.657788379
-1642641.423939748   -3664659.804535373   4939863.376503268
-1642641.192625662   -3664658.8870970504   4939864.370192939
-1642641.7687201519   -3664658.102054921   4939866.984177321
-1642642.665683709   -3664660.1909528687   4939866.399589154
-1642641.9457580876   -3664658.9914371544   4939863.770741562
-1642642.1680842084   -3664658.708293876   4939866.604778408
-1642641.7076581793   -3664658.920289425   4939864.180729008
-1642642.2749009938   -3664658.570481324   4939866.319060332
-1642640.985974202   -3664657.8932349747   4939866.083887768
-1642641.2341301725   -3664658.109385022   4939864.692570004
-1642641.900760166   -3664659.4856155603   4939866.529717912
-1642641.2387315326   -3664658.811772269   4939864.697995031
-1642641.6438389523   -3664657.5600785343   4939864.814168671
-1642641.671182233   -3664657.883824308   4939863.888733535
-1642642.0592378287   -3664658.798191155   4939867.699212093
-1642640.6980217842   -3664658.732628583   4939864.329658531
-1642641.8854798484   -3664659.7914017094   4939865.835983314
-1642642.1178106728   -3664659.1093340204   4939866.145084223
-1642641.2202375787   -3664657.637734664   4939865.980401214
-1642641.3562982732   -3664657.914486757   4939865.539493872
-1642641.665813979   -3664658.302040447   4939866.059166109
-1642642.408464406   -3664657.4145768015   4939865.987467682
-1642641.7115364769   -3664657.753495759   4939865.59105062
-1642641.7681542793   -3664658.126777742   4939865.349922425
-1642641.2749648255   -3664656.6043135375   4939864.119518777
-1642641.27205603   -3664658.087120269   4939862.912588789
-1642641.2510707574   -3664657.727169194   4939864.251412345
-1642641.3246479537   -3664657.7272515977   4939864.303020424
-1642640.978914084   -3664657.9247254175   4939863.212786059
-1642642.1762510985   -3664659.036150591   4939866.091424943
-1642641.318152598   -3664658.447931448   4939866.631433105
-1642641.6641851699   -3664657.7214849535   4939865.114718633
-1642641.536339527   -3664657.9555653622   4939863.270560232
-1642641.3434730768   -3664657.8368526837   4939866.6224332815
-1642641.6332454442   -3664658.159468833   4939865.520911753
-1642641.9786342327   -3664659.176100399   4939867.77100481
-1642640.9270533319   -3664657.501999467   4939864.729842747
-1642641.2041420809   -3664658.076846691   4939866.3390546525
-1642641.8195147982   -3664657.272281616   4939866.8373757675
-1642641.5303492742   -3664658.434363919   4939866.8091818495
-1642640.6692847034   -3664657.6804342014   4939865.534611404
-1642641.0622624725   -3664658.2626314745   4939865.352795225
-1642640.5642142813   -3664658.214967251   4939862.3391093295
-1642641.0139897903   -3664658.873202322   4939865.368259692
-1642640.9496017573   -3664657.8802267886   4939863.982715195
-1642640.9341468494   -3664658.0002707154   4939864.021739829
-1642641.4261805988   -3664658.6306333225   4939861.320760435
-1642640.1997982971   -3664658.8574540634   4939861.89307698
-1642641.2497666709   -3664658.106313982   4939864.157957277
-1642641.5897892364   -3664658.642675116   4939863.900601124
-1642641.1299863388   -3664658.122292711   4939862.301684376
-1642641.6439953388   -3664658.2447835626   4939865.371699562
-1642641.2950453858   -3664657.6036841786   4939863.732363304
-1642640.8883798204   -3664658.4845639192   4939864.218371105
-1642641.778137074   -3664658.823945107   4939864.545264262
-1642640.813939707   -3664658.1914267424   4939864.386418139
-1642640.8122514063   -3664659.3761708676   4939864.692361827
-1642641.4386034703   -3664659.442547786   4939865.708703917
-1642640.2060958745   -3664658.042517222   4939862.770072895
-1642641.2770790162   -3664657.074212454   4939862.509023591
-1642641.6605661756   -3664658.34437793   4939865.3970426135
-1642641.8867753171   -3664659.286796833   4939864.335392403
-1642641.0851973996   -3664659.0235585757   4939862.5851646485
-1642642.3329805885   -3664659.57743824   4939863.43900482
-1642641.7393623062   -3664658.7894155113   4939864.76176441
-1642641.2449553737   -3664657.859833445   4939864.363569042
-1642641.8554624226   -3664660.0034995833   4939865.125919699
-1642641.8391563469   -3664657.8277730974   4939863.725684979
-1642641.3769433554   -3664659.2826189836   4939862.86859673
-1642641.468190535   -3664658.6339393225   4939863.087563875
-1642641.8313107013   -3664659.4193417504   4939864.044940765
-1642641.5320061392   -3664658.8349839454   4939865.800649846
-1642641.2917216423   -3664658.898174489   4939863.94583831
-1642640.95625361   -3664658.599647576   4939863.59892687
-1642641.8334735387   -3664659.2122457745   4939864.097680771
-1642641.3819740892   -3664659.5010670996   4939862.481359915
-1642641.9667601145   -3664658.194369404   4939865.138268738
-1642642.295370304   -3664658.9069833774   4939865.66553743
-1642642.355862715   -3664657.853281717   4939864.971728286
-1642642.2792381004   -3664658.8646955425   4939865.29711053
-1642641.2613856562   -3664658.604083432   4939866.739661083
-1642641.548871176   -3664657.9811868127   4939864.653932665
-1642641.111450215   -3664658.791551783   4939864.594275538
-1642641.806985488   -3664658.9450384313   4939863.189178026
-1642641.4519703698   -3664659.0913894037   4939864.2487743795
-1642641.372413744   -3664659.270431277   4939863.513722924
-1642642.2214158096   -3664659.177883458   4939867.105891302
-1642641.4111228378   -3664658.896947468   4939867.211193957
-1642641.4080575833   -3664658.5318533126   4939864.713808802
-1642642.5002396456   -3664658.5302373855   4939866.690548228
-1642641.6218644234   -3664658.074964027   4939865.609007656
-1642641.304477094   -3664659.0264246827   4939865.464285891
-1642641.4896844053   -3664659.1332065035   4939862.754143607
-1642641.7559824127   -3664659.5084423576   4939865.750988142
-1642641.7828811577   -3664659.231194234   4939866.099708032
-1642640.957523728   -3664659.232816341   4939862.801740744
-1642640.9196451264   -3664657.7889921893   4939864.241272476
-1642641.7395998298   -3664658.5207338645   4939866.019567845
-1642641.4475276924   -3664658.96905885   4939865.433812984
-1642642.512194983   -3664659.319378065   4939866.434378071
-1642641.4427625532   -3664657.7012064597   4939864.597050332
-1642641.1519758448   -3664659.520579295   4939863.421675557
-1642641.5781149394   -3664659.375890726   4939863.047837884
-1642640.6452186096   -3664658.5704573425   4939862.03998586
-1642640.401471688   -3664658.757779783   4939862.996511279
-1642641.2743716824   -3664658.428797826   4939866.382253173
-1642640.920933149   -3664657.339288602   4939864.1245610695
-1642642.4566870988   -3664658.4772027563   4939864.434178721
-1642643.2389893208   -3664658.891127186   4939865.593480243
-1642643.2069203246   -3664656.6995967324   4939863.936927948
-1642645.1982116452   -3664656.9044717676   4939864.949155643
-1642647.774760338   -3664657.0661331   4939862.1058378825
-1642650.147478348   -3664654.4159552334   4939862.052742322
-1642652.3022852156   -3664651.844498021   4939867.232655288
-1642653.8630933457   -3664649.826470991   4939864.86013295
-1642653.8957754048   -3664647.2349349824   4939869.128360678
-1642654.009045986   -3664645.1263702316   4939869.919137446
-1642653.3065984468   -3664642.279376104   4939874.568873095
-1642653.5364804673   -3664641.5894165887   4939874.465136834
-1642652.9690246806   -3664639.1837136047   4939874.739574655
-1642652.2835744887   -3664638.2227080227   4939876.30994277
-1642650.2906639255   -3664636.1122433543   4939876.505073425
-1642650.8254841461   -3664635.7214335366   4939876.739354163
-1642649.9565444333   -3664634.009269615   4939876.12489672
-1642648.5492196297   -3664634.9189126003   4939878.406147873
-1642647.482101363   -3664634.0198554923   4939878.433995262
-1642646.6218477406   -3664634.077544861   4939882.736181403
-1642642.7522441128   -3664632.779003221   4939880.835118429
-1642640.4015930218   -3664633.741607168   4939882.394247842
-1642638.072433392   -3664634.2588291406   4939880.104514545
-1642637.066216168   -3664635.6378336227   4939882.498632816
-1642634.586122037   -3664635.023662738   4939882.239904966
-1642632.2929900864   -3664636.18547449   4939882.831844132
-1642628.5249604727   -3664637.1965547404   4939881.108095349
-1642627.1392350255   -3664636.801685323   4939878.789028552
-1642625.9263755805   -3664639.6123621454   4939879.750711973
-1642624.232936212   -3664641.6740301256   4939881.954823238
-1642621.84816928   -3664643.346203387   4939884.017548639
-1642618.7122513105   -3664642.2275312063   4939877.505256608
-1642617.8825191548   -3664643.1667147214   4939882.100808875
-1642617.1703088037   -3664643.0092899012   4939884.123453901
-1642614.626659703   -3664641.8532491736   4939883.266360831
-1642613.2648116907   -3664642.7526214216   4939883.713627939
-1642613.3736544119   -3664640.9894750635   4939890.800970779
-1642611.57359951   -3664638.404830484   4939884.252462368
-1642613.987485616   -3664636.960607245   4939889.357572172
-1642614.7602936353   -3664636.336827205   4939886.06197243
-1642617.8382080279   -3664636.078941205   4939887.755216257
-1642620.6064659348   -3664637.455911124   4939887.930921502
-1642623.7497773862   -3664634.589471499   4939888.631326601
-1642627.803140752   -3664633.509359713   4939887.506776616
-1642630.955810469   -3664631.5907202708   4939891.218688616
-1642633.2339939305   -3664630.7113330755   4939885.851615275
-1642636.9126467966   -3664628.9006619514   4939884.287671616
-1642642.4419040703   -3664626.4989197613   4939888.20266481
-1642647.2244249536   -3664625.472472512   4939886.7683296325
-1642651.2425083176   -3664622.1878604116   4939886.054161335
-1642656.7806596227   -3664620.9556481484   4939885.757739218
-1642661.9743539905   -3664618.942125326   4939886.028267181
-1642665.1390075851   -3664615.246602657   4939884.4408191275
-1642670.2174175614   -3664613.5718459124   4939883.231810692
-1642675.924145789   -3664613.0201826603   4939884.514551169
-1642680.2728716799   -3664611.6068190825   4939884.775004373
-1642682.9426079798   -3664608.2540598637   4939883.565247946
-1642688.959188535   -3664607.7257800014   4939886.882430574
-1642693.9743772293   -3664605.4086612896   4939886.0540116895
-1642700.317062821   -3664604.475549176   4939883.611359907
-1642704.4170706563   -3664602.7258824147   4939883.975657552
-1642709.6113582377   -3664600.3541461243   4939886.089260783
-1642715.0833225662   -3664597.660951103   4939884.26045829
-1642719.9759791496   -3664595.3262140453   4939884.9053422855
-1642726.7247324672   -3664594.553557611   4939883.676528122
-1642731.4907701008   -3664592.702586602   4939880.966613499
-1642738.0028860604   -3664589.49678883   4939882.670748901
-1642745.0958485154   -3664589.74723108   4939880.082717468
-1642749.7557619857   -3664586.512540804   4939876.996826861
-1642757.6530538981   -3664584.7658738317   4939878.019187081
-1642763.6609821368   -3664583.679760354   4939874.992431219
-1642771.5647820798   -3664582.4041381963   4939874.868172719
-1642779.0306790208   -3664581.138426408   4939874.030372676
-1642785.0984276815   -3664579.895781206   4939874.118965452
-1642792.598945837   -3664578.861200269   4939872.466761067
-1642799.2194899218   -3664578.148984284   4939871.226995682
-1642805.5600478328   -3664576.528306984   4939867.425862341
-1642812.677264   -3664575.5132081644   4939868.795745377
-1642819.5342483853   -3664575.1057592495   4939863.910282336
-1642826.1088271579   -3664574.561630697   4939862.336515249
-1642834.2858893576   -3664573.522152191   4939862.797319303
-1642840.4907831503   -3664573.4950452577   4939859.420833265
-1642847.0976973101   -3664573.4911346147   4939857.889817409
-1642853.9870215063   -3664573.7407984803   4939857.094635171
-1642859.4391014355   -3664573.91443503   4939850.202117072
-1642866.9833784765   -3664574.825958449   4939855.912641715
-1642871.8219155972   -3664573.8403680674   4939849.440340675
-1642878.0854009509   -3664572.7096654   4939846.816980789
-1642883.645354715   -3664572.4210522035   4939845.163605941
-1642889.0882463448   -3664572.0923261503   4939842.390425176
-1642894.667639538   -3664572.2665252243   4939841.701956535
-1642900.0776547908   -3664574.6970400214   4939840.351222879
-1642903.1672798751   -3664572.8213010523   4939841.428822847
-1642905.136090263   -3664573.1290516853   4939838.875037659
-1642907.6050251503   -3664573.5371494764   4939837.915996187
-1642908.687750208   -3664573.765143173   4939836.654371699
-1642911.157007211   -3664574.2689330364   4939837.049226614
-1642913.2960441771   -3664575.029969812   4939837.990954295
-1642915.0095343117   -3664576.756725641   4939833.2104604775
-1642916.091540593   -3664578.5703717754   4939831.6207898855
-1642917.8966172037   -3664579.311255953   4939830.859267213
-1642917.8361021783   -3664581.1536229528   4939828.2157347845
-1642920.1819214032   -3664583.0699439715   4939828.233144102
-1642919.8799767455   -3664585.00303141   4939822.385821166
-1642920.6686178688   -3664589.109743844   4939822.475784839
-1642920.4964866377   -3664591.927471328   4939820.016216588
-1642921.4680935866   -3664594.369964972   4939820.518508837
-1642920.1471134045   -3664597.89463335   4939815.233213307
-1642919.6632812072   -3664601.5349888243   4939813.823352143
-1642919.5716178406   -3664605.8683886523   4939811.231530117
-1642917.7607923218   -3664608.3572486537   4939806.591173678
-1642918.187985884   -3664614.784537949   4939807.677484465
-1642917.3235973883   -3664618.30715417   4939803.524766631
-1642915.431622429   -3664623.004337525   4939799.371658034
-1642912.9624901102   -3664626.516973233   4939793.662200921
-1642913.5288528514   -3664633.8560773274   4939793.395275207
-1642911.846007003   -3664638.3288589953   4939790.247668836
-1642910.8205833922   -3664643.743390425   4939785.04491871
-1642909.4056027338   -3664646.9480557037   4939781.660392775
-1642909.5319195376   -3664653.29825528   4939781.889016522
-1642907.0427663703   -3664657.9422070906   4939776.612228479
-1642904.9024735864   -3664663.43865685   4939770.484794773
-1642904.3727437244   -3664669.5711182225   4939767.396798644
-1642902.9284217712   -3664676.0294311065   4939764.216156732
-1642900.490330753   -3664682.2467928836   4939757.9467333425
-1642899.6003891407   -3664686.5517583024   4939753.45634504
-1642897.2621139006   -3664694.476114094   4939744.784140993
-1642898.1294454567   -3664700.753630893   4939736.222502583
-1642896.9893912587   -3664707.1701527983   4939741.517442601
-1642894.2224439338   -3664712.103238844   4939732.1604190115
-1642892.1334861214   -3664720.175719795   4939739.562986056
-1642890.6542530179   -3664727.523318323   4939730.071949793
-1642889.7454905815   -3664735.2670012726   4939723.305592104
-1642887.3339925744   -3664743.618602434   4939719.926427414
-1642886.1372899194   -3664748.868461841   4939711.118796516
-1642883.604038076   -3664759.007991511   4939713.710277139
-1642882.519253846   -3664764.7110597603   4939703.559090029
-1642880.196429111   -3664769.7254025848   4939697.808342286
-1642878.8781302518   -3664778.8346301764   4939698.939782443
-1642877.1675633807   -3664786.342829289   4939690.974498202
-1642875.814992893   -3664793.2632707465   4939685.83218935
-1642874.8414844   -3664800.7422440196   4939681.349288217
-1642872.5907619074   -3664807.560022752   4939678.089880086
-1642870.574511201   -3664814.6376144453   4939673.687125739
-1642869.049966795   -3664821.732221458   4939668.958694875
-1642867.4854352465   -3664830.525570925   4939660.650923278
-1642866.1455516238   -3664837.8365740986   4939657.443575121
-1642863.5795095074   -3664844.5617098412   4939654.119651226
-1642862.445527932   -3664851.0418206938   4939646.652956411
-1642860.4981316891   -3664858.085626665   4939644.099480415
-1642859.1149036766   -3664867.8106595264   4939639.377948421
-1642855.4800307448   -3664874.9889972443   4939627.83769031
-1642855.0341326501   -3664882.8651333926   4939625.849585486
-1642852.0670099135   -3664891.049084462   4939621.171230095
-1642850.6763742443   -3664901.779505579   4939613.125477829
-1642848.6586717223   -3664908.836856381   4939610.641409856
-1642846.4625432556   -3664917.582779197   4939604.67297894
-1642844.8612906812   -3664924.4094557324   4939598.987360964
-1642844.6779799396   -3664930.164922801   4939595.70592385
-1642843.1285381163   -3664934.170991041   4939590.172345539
-1642841.9343972642   -3664938.843096366   4939588.744791568
-1642841.34404343   -3664943.346766928   4939587.003474741
-1642841.2014518355   -3664942.700136629   4939581.872188698
-1642842.2157031142   -3664945.750050843   4939587.107593572
-1642841.432769772   -3664945.087457879   4939587.162685301
-1642841.310242586   -3664947.401895797   4939582.527447692
-1642842.217905254   -3664949.1133380644   4939580.81147904
-1642844.286133718   -3664951.2527699065   4939578.905034032
-1642846.0316519768   -3664954.0590121783   4939570.376446201
-1642849.0729900142   -3664953.8238474787   4939577.0271275155
-1642852.2605254883   -3664953.812224219   4939575.003196026
-1642855.00891969   -3664955.0877695065   4939570.128425129
-1642859.6155013274   -3664956.6599318343   4939568.08401572
-1642863.0762807413   -3664955.3376553077   4939566.687839981
-1642868.0036931462   -3664955.352742497   4939566.049999312
-1642873.878488172   -3664956.0720355846   4939565.94645638
-1642878.5031899856   -3664954.9182924544   4939565.012801841
-1642882.430908176   -3664954.4606646714   4939559.873369447
-1642888.2524863658   -3664956.470097839   4939560.058855141
-1642893.322558944   -3664955.0378699307   4939560.085787105
-1642897.7080732824   -3664954.52799195   4939555.833105344
-1642902.8902914003   -3664956.0047161286   4939555.047049069
-1642907.8079254779   -3664955.1671377574   4939554.330552312
-1642912.722800178   -3664954.352513696   4939550.400342196
-1642918.6804297941   -3664956.4287633607   4939551.53339202
-1642922.8433349992   -3664953.3015334243   4939547.7464572685
-1642929.4374002253   -3664955.091486898   4939545.330252184
-1642936.0543386568   -3664955.526737504   4939543.26785709
-1642942.4345289264   -3664954.973448766   4939542.056596259
-1642948.3383848574   -3664954.374917872   4939538.483530299
-1642955.4264544244   -3664955.2317684772   4939536.310909563
-1642961.2719382155   -3664953.6755255503   4939534.5749994125
-1642966.7008390736   -3664955.9064126564   4939531.791879468
-1642973.2786369126   -3664953.7348875864   4939532.628588929
-1642979.8529873032   -3664955.739273195   4939531.146328383
-1642986.0374497634   -3664955.007918459   4939528.640269473
-1642992.3704098407   -3664955.159141538   4939526.466342232
-1642998.4497157421   -3664953.4745677556   4939523.738771994
-1643005.379703537   -3664955.1935278126   4939520.336356323
-1643011.2156242598   -3664954.43742443   4939518.047173621
-1643017.7550756119   -3664953.9880960933   4939516.313915992
-1643024.588947054   -3664955.3635256207   4939513.640426167
-1643030.988993131   -3664953.8434084374   4939507.085082719
-1643036.969629833   -3664953.657551475   4939510.3150114
-1643044.7579004688   -3664955.4199978705   4939507.787969624
-1643049.1635155801   -3664954.7039611167   4939505.429484933
-1643056.3822632548   -3664954.3706131773   4939504.219867068
-1643060.6531396883   -3664954.521279941   4939503.5728223575
-1643066.0927077886   -3664954.299341287   4939498.22005222
-1643071.5683823559   -3664954.872757165   4939495.282234986
-1643078.4222980018   -3664955.093682982   4939496.818097388
-1643083.742824347   -3664954.280179588   4939495.808228066
-1643087.606763386   -3664952.391461116   4939491.792405499
-1643092.7685450246   -3664953.7515777   4939488.6043730015
-1643099.7645747273   -3664952.1488969475   4939491.507456913
-1643105.3159820363   -3664948.2418827093   4939491.492012374
-1643109.0947575904   -3664945.884857232   4939486.432932312
-1643116.4528457916   -3664945.292496389   4939491.211960498
-1643121.0689168212   -3664940.602583037   4939491.15392826
-1643127.1489361955   -3664936.8368588057   4939490.077848207
-1643133.4860619844   -3664936.0330382786   4939491.034802087
-1643139.1375420918   -3664931.9315206506   4939490.193189091
-1643146.0465037122   -3664930.593613824   4939494.640997263
-1643151.3705751426   -3664927.7656776854   4939492.823648921
-1643156.480438911   -3664922.8750136076   4939492.849595995
-1643162.104243925   -3664920.7108032163   4939492.2589659495
-1643167.7084905538   -3664916.7351613548   4939492.130079173
-1643173.4543154675   -3664911.4709568066   4939496.374872376
-1643178.412684894   -3664906.917555891   4939498.452979576
-1643183.215475577   -3664902.7146775136   4939499.862281522
-1643186.7994896288   -3664896.6651047096   4939502.507197267
-1643190.937358883   -3664890.8562111594   4939505.97960284
-1643193.4265833038   -3664883.964494686   4939508.305906023
-1643195.5910257916   -3664878.83280095   4939513.129361716
-1643195.470634704   -3664871.8571428615   4939515.0810849145
-1643197.0437976716   -3664868.2139846087   4939520.756644655
-1643197.9979662113   -3664861.1100155837   4939525.15673756
-1643198.576106061   -3664856.7375970203   4939526.565647337
-1643199.3099780453   -3664849.894626839   4939532.356257316
-1643199.4159367806   -3664845.649999329   4939534.610373365
-1643201.1811435912   -3664838.619949859   4939541.295307436
-1643202.3190037245   -3664833.209911347   4939543.585394478
-1643202.5601241714   -3664825.788774419   4939547.510904962
-1643204.30206052   -3664819.8540439773   4939554.526621479
-1643204.9769298683   -3664817.711072103   4939555.058553462
-1643206.3741644528   -3664811.7643223037   4939560.704249127
-1643206.439231316   -3664806.72858066   4939565.900719201
-1643206.8961176528   -3664800.1697415523   4939569.411168271
-1643206.8931204493   -3664794.284409775   4939572.102545059
-1643207.8281418462   -3664790.0425375593   4939573.731910581
-1643209.2422141717   -3664784.0145307784   4939578.823462956
-1643209.1551379613   -3664776.212505047   4939581.476977441
-1643210.0777954096   -3664770.2071381584   4939587.151418972
-1643212.6477442624   -3664766.1091750595   4939592.288942552
-1643212.9496044142   -3664760.6643172265   4939598.420467661
-1643213.7808118558   -3664754.6507146657   4939600.633247737
-1643214.397203067   -3664748.6187866675   4939603.433679026
-1643214.4541485503   -3664742.458455244   4939606.7052244255
-1643214.527824108   -3664737.2852207455   4939608.962755815
-1643215.7614213617   -3664731.5347045045   4939614.387920546
-1643216.1783814854   -3664727.7831151458   4939621.62837662
-1643215.8922596273   -3664719.4968426875   4939625.082068676
-1643218.0194021673   -3664715.9012726564   4939631.844687918
-1643217.0220698535   -3664708.7086598286   4939636.661253959
-1643216.633539829   -3664703.509800164   4939637.24385309
-1643217.9490090027   -3664698.552061958   4939639.906065402
-1643217.6400372742   -3664694.084105861   4939645.514275052
-1643218.1902719548   -3664687.6290650032   4939648.5225297315
-1643218.2456134462   -3664681.187417139   4939652.837554047
-1643217.2318306882   -3664675.221323281   4939655.577452305
-1643217.4580746081   -3664669.5370287504   4939661.390083488
-1643216.175794434   -3664665.197374781   4939668.025287982
-1643212.9445013986   -3664659.7216044087   4939670.888291483
-1643209.3076548686   -3664653.7572884257   4939675.269368008
-1643207.2257188826   -3664653.1766271424   4939681.612907072
-1643202.5550147353   -3664648.921907934   4939685.51496103
-1643197.9756390713   -3664645.1698842184   4939687.40998014
-1643193.204285298   -3664642.1394346496   4939690.409883251
-1643188.0388181119   -3664639.549909008   4939696.314683281
-1643181.8291188432   -3664639.931575495   4939699.108774618
-1643176.5658110087   -3664637.599859783   4939700.640665925
-1643169.610143487   -3664635.52943522   4939703.256189088
-1643164.1161111128   -3664636.2015678533   4939705.3680596845
-1643158.5258811763   -3664637.9564120737   4939707.277767739
-1643153.0147551023   -3664638.6305292225   4939711.340515988
-1643146.97814102   -3664640.217516223   4939711.153545972
-1643138.903202393   -3664639.5508525814   4939710.724701264
-1643132.0856452018   -3664642.706163297   4939711.993054454
-1643125.9548533435   -3664644.3322305786   4939712.825557581
-1643119.3516488152   -3664647.127919183   4939716.389184764
-1643111.7152063316   -3664649.7888773074   4939713.840666648
-1643102.7456297085   -3664651.033071862   4939713.870897985
-1643095.189516688   -3664651.3828214593   4939716.687238462
-1643088.391409678   -3664655.498611848   4939720.710816084
-1643078.7769674528   -3664656.1267462536   4939718.156794391
-1643071.2336057217   -3664659.7389808837   4939721.325103545
-1643064.9454371033   -3664660.4937907127   4939722.799647015
-1643057.9474721763   -3664662.15599389   4939723.06958912
-1643050.7631579763   -3664663.5551557452   4939725.417815843
-1643044.6775284824   -3664664.465387873   4939729.591672503
-1643036.7086402522   -3664665.1562153064   4939726.930009504
-1643029.9709045638   -3664665.6661288477   4939728.916997732
-1643023.4107768133   -3664667.395086021   4939731.790052844
-1643016.5068353058   -3664669.500903764   4939733.34485572
-1643010.0965356512   -3664671.7659913297   4939735.345484122
-1643001.5379090207   -3664671.547148571   4939734.985317772
-1642993.9176111098   -3664670.8961316664   4939736.987311843
-1642987.2094721107   -3664672.593975122   4939740.927752874
-1642979.5109037089   -3664673.561706743   4939741.11178306
-1642972.5808723061   -3664673.0040312675   4939745.826083119
-1642964.689473566   -3664673.5505977133   4939744.619268922
-1642959.7893459336   -3664673.188217292   4939752.115773948
-1642952.357535623   -3664673.557730016   4939750.8415458305
-1642946.4244788177   -3664673.22621746   4939754.281505243
-1642940.6496522853   -3664675.1125647314   4939755.336444664
-1642933.5441483522   -3664675.2676758934   4939755.858440571
-1642926.906356193   -3664674.0364837106   4939753.3555036
-1642920.938086094   -3664673.029350727   4939755.540858187
-1642917.9747881424   -3664673.173367049   4939759.64464066
-1642914.6801092066   -3664674.102947517   4939759.022428962
-1642914.0111621192   -3664675.618551933   4939760.218355712
-1642912.36238531   -3664674.0525463023   4939760.308056066
-1642911.928951796   -3664674.42096782   4939760.342023617
-1642909.8350884845   -3664675.248003707   4939759.349885682
-1642907.6421036469   -3664675.881940405   4939760.046486839
-1642905.0977547583   -3664677.219338068   4939760.221054626
-1642902.4575670022   -3664680.5000815066   4939760.423694572
-1642901.71031433   -3664684.5623790873   4939758.156445783
-1642898.7916403362   -3664689.3345684195   4939750.649999724
-1642898.985359134   -3664694.8616545782   4939750.336236672
-1642897.1377233504   -3664698.543288303   4939745.164344708
-1642896.636365235   -3664704.5373971392   4939739.698136951
-1642894.5729716045   -3664711.806307955   4939730.9110595025
-1642892.4073850801   -3664718.8725627903   4939729.506489112
-1642891.3732049267   -3664726.300983098   4939728.57733137
-1642889.924703299   -3664731.7918261727   4939725.700736271
-1642888.3962008234   -3664741.506635587   4939723.91670916
-1642885.6576780183   -3664748.6438554586   4939713.154956336
-1642884.1465963968   -3664756.665526784   4939705.889559133
-1642882.6880326895   -3664764.713607102   4939700.944071403
-1642880.5531070956   -3664771.60668119   4939692.566585714
-1642878.5922714735   -3664778.5668593794   4939691.962467852
-1642877.2192252597   -3664787.9560736036   4939686.730287185
-1642875.627768803   -3664794.506289086   4939684.238524125
-1642873.079963316   -3664802.2247685594   4939679.589746953
-1642872.3225361549   -3664810.292244889   4939674.998521159
-1642870.0876152017   -3664815.666694403   4939671.690328623
-1642868.2957770904   -3664822.62567436   4939665.854290084
-1642866.4412612666   -3664830.7717925366   4939661.188058007
-1642864.3728624287   -3664837.589117174   4939654.697110367
-1642863.728371028   -3664844.0262221955   4939653.832523696
-1642862.250692208   -3664850.1279576444   4939649.377439156
-1642859.2477234968   -3664858.5042199013   4939642.192501118
-1642858.8154696284   -3664866.0450351904   4939639.6564772315
-1642857.791739987   -3664873.757498298   4939635.096740575
-1642855.0360555272   -3664878.1914099674   4939627.773871313
-1642853.2099085578   -3664886.1602805266   4939625.859338867
-1642851.4831442947   -3664893.3752918397   4939620.188921303
-1642850.6585016835   -3664900.3095635083   4939615.176798331
-1642848.2591118542   -3664906.7906628274   4939607.711438238
-1642846.6554249348   -3664914.9899950344   4939603.800753769
-1642845.7072967172   -3664922.298418256   4939600.185091211
-1642844.1477431217   -3664927.1672954853   4939594.2882708805
-1642842.7847581499   -3664932.7700000745   4939590.855684526
-1642841.9020836477   -3664938.576005548   4939590.718856103
-1642842.061925556   -3664941.9067765116   4939585.378936968
-1642841.4927595034   -3664942.5104792523   4939584.001114266
-1642841.3812796627   -3664944.999752996   4939583.686796337
-1642842.2389302982   -3664945.0728893923   4939583.929558602
-1642843.4289268488   -3664948.619652105   4939583.592112805
-1642842.9294025588   -3664948.0290644313   4939581.622474475
-1642843.9456971493   -3664948.9165557846   4939582.632978843
-1642845.0019754244   -3664949.9693643916   4939578.805920683
-1642847.7799626698   -3664953.024405955   4939577.771261345
-1642850.0281792916   -3664954.438066083   4939576.77648699
-1642852.438941311   -3664954.5776224756   4939571.956105127
-1642857.7773129016   -3664956.260184489   4939571.6162675405
-1642861.8952122275   -3664955.8248480507   4939571.70933492
-1642866.6066632173   -3664954.363686619   4939566.834564727
-1642872.0628031313   -3664954.5268562804   4939562.357971322
-1642878.2649303675   -3664954.3605752396   4939564.732758436
-1642883.1382022675   -3664953.866016263   4939559.161953698
-1642891.2398922287   -3664955.4778504707   4939560.2601484265
-1642896.7616306914   -3664955.235735491   4939559.263022396
-1642904.4790498582   -3664954.9942582455   4939555.848787875
-1642910.7781169694   -3664955.045420624   4939552.130696522
-1642916.8686823521   -3664956.5570894964   4939546.7317370605
-1642924.249142834   -3664956.112306583   4939545.198430908
-1642930.880207237   -3664954.5876250286   4939545.4833088005
-1642936.910506118   -3664955.4864409533   4939541.602444595
-1642943.9829137425   -3664955.4305390837   4939539.930709316
-1642949.735542476   -3664954.4187326473   4939538.012516035
-1642954.9804232423   -3664953.954526658   4939539.630988132
-1642962.6325812857   -3664953.221455832   4939535.827416239
-1642969.1537018688   -3664951.7729884116   4939533.569279879
-1642976.2089800567   -3664953.514751189   4939531.05752752
-1642983.2527947277   -3664952.4951244877   4939530.366070868
-1642990.286210907   -3664954.238724951   4939523.5337419035
-1642997.8871810904   -3664953.3598777605   4939523.510434023
-1643004.6048858478   -3664952.9647695613   4939519.354955779
-1643012.1480880075   -3664954.2248174916   4939518.096466959
-1643018.7721247375   -3664954.1522223847   4939514.735607698
-1643026.491579726   -3664955.6879987577   4939512.7582157245
-1643032.9812165394   -3664956.3388461364   4939511.029547865
-1643040.404044956   -3664955.436667234   4939506.033485233
-1643047.8345177867   -3664954.8687954075   4939503.847215499
-1643054.3386341122   -3664955.037399144   4939502.99723036
-1643061.7548174555   -3664954.801695444   4939500.444807388
-1643067.928101837   -3664954.8062545387   4939496.6464871345
-1643075.594530553   -3664954.586057702   4939493.658085333
-1643082.0766004308   -3664953.7558507556   4939493.57017194
-1643087.9902154342   -3664952.6846388015   4939493.3642996885
-1643094.244879492   -3664953.4073327915   4939490.6294495175
-1643100.8641078596   -3664947.557703794   4939493.837559482
-1643107.5662948932   -3664946.673594405   4939490.382301459
-1643113.851206557   -3664943.935330822   4939491.812996116
-1643120.564928107   -3664940.6181668728   4939491.027440889
-1643128.1643730344   -3664936.6640582597   4939494.498853063
-1643135.9946746677   -3664934.294980094   4939490.382856319
-1643144.04230619   -3664928.5370340897   4939491.187704616
-1643152.4932633296   -3664925.4929673364   4939494.588741086
-1643161.385356434   -3664921.892477787   4939491.838887046
-1643168.841559156   -3664916.3872854337   4939495.092968154
-1643174.3536362224   -3664908.7594474   4939495.96080785
-1643181.0152987477   -3664905.3702360652   4939499.876011755
-1643186.735978006   -3664897.345397959   4939503.853302849
-1643190.9868886822   -3664889.893394514   4939509.002726161
-1643193.6634183729   -3664882.41653973   4939510.003307811
-1643195.6546463605   -3664873.3385827476   4939517.832776379
-1643196.7746692232   -3664866.072220343   4939521.740422377
-1643197.9705762656   -3664857.978343904   4939528.173854832
-1643198.874873674   -3664849.8840699103   4939532.259688138
-1643201.0805504713   -3664840.3579371716   4939543.213076925
-1643201.6348005913   -3664833.2882498433   4939547.586353888
-1643202.9072068047   -3664822.9790472644   4939550.122168865
-1643204.9754475837   -3664815.4157652133   4939558.906818984
-1643205.8502625097   -3664807.1281547495   4939561.444060463
-1643207.0756955727   -3664796.9114433266   4939570.041678772
-1643208.5086736365   -3664789.805464528   4939575.6732121315
-1643209.7072339435   -3664781.268383374   4939581.963582495
-1643209.5872146247   -3664771.562311034   4939585.694073967
-1643212.304549303   -3664764.272268755   4939591.47646459
-1643213.1500747865   -3664754.9689752213   4939597.710907713
-1643213.94409961   -3664746.144344367   4939604.717427615
-1643214.9794895253   -3664736.9229018814   4939611.028186394
-1643215.9166975734   -3664729.6595033174   4939619.913550563
-1643217.3883930983   -3664719.3995875353   4939624.702123579
-1643216.8312707373   -3664710.8713030135   4939631.274088515
-1643217.2163923585   -3664700.891156677   4939637.524105235
-1643217.059178176   -3664690.7129747504   4939643.113902085
-1643219.3585942534   -3664682.752608681   4939654.289964263
-1643218.7905049897   -3664675.397548792   4939661.16382973
-1643215.902417964   -3664666.551430862   4939663.011950131
-1643213.116779338   -3664659.179442583   4939672.752948897
-1643207.800491654   -3664652.8005317706   4939677.9746379685
-1643201.9353370825   -3664648.315008123   4939684.952365047
-1643194.2042040504   -3664644.2356462777   4939689.776143283
-1643186.4750733236   -3664639.704022191   4939696.811108007
-1643178.4473426838   -3664637.8807293447   4939701.665988493
-1643167.5626084418   -3664636.1896928023   4939704.7191695925
-1643157.5511373198   -3664637.867933313   4939706.793128405
-1643148.5667135655   -3664638.001773716   4939710.501987135
-1643137.6148215847   -3664641.8537418447   4939710.65804742
-1643128.126423584   -3664644.6916260524   4939712.981164098
-1643116.4995608085   -3664647.789855361   4939713.191159906
-1643107.4212302414   -3664649.123011306   4939714.990342846
-1643097.1918645038   -3664652.029166397   4939717.582603833
-1643087.3212935128   -3664655.125445892   4939717.637687757
-1643078.225129384   -3664656.9339041417   4939719.774192941
-1643069.3120643147   -3664658.5865215664   4939720.079069005
-1643060.3960141463   -3664661.241894998   4939722.226228118
-1643055.2190097738   -3664662.0802942947   4939723.278347454
-1643050.7660873556   -3664664.4849599167   4939725.833704339
-1643047.9824856631   -3664664.365269691   4939726.095500374
-1643045.490976806   -3664663.8528573425   4939727.663414903
-1643043.3079923233   -3664665.668920488   4939727.28209862
-1643040.4876456438   -3664665.358947897   4939728.0635545915
-1643039.0983849391   -3664664.982723897   4939725.094746141
-1643035.8976448816   -3664666.2418544255   4939727.810273772
-1643032.2882646576   -3664668.3408650137   4939725.162256123
-1643029.1549888474   -3664667.317168434   4939728.003700062
-1643024.880124412   -3664668.1960251657   4939729.481299856
-1643021.1649326703   -3664670.30743311   4939733.057299563
-1643015.6166700206   -3664669.287902885   4939734.409983032
-1643010.7945682658   -3664670.156766489   4939733.841457639
-1643006.9106852596   -3664671.4467042983   4939736.787030311
-1643001.575209323   -3664670.8081688546   4939735.776239703
-1642996.670524176   -3664671.715300581   4939738.379237688
-1642992.4560876738   -3664671.053461856   4939741.083146332
-1642985.6529974171   -3664672.2752321986   4939739.5404293565
-1642979.4522290726   -3664672.42676719   4939740.750253335
-1642972.011333491   -3664672.5152362934   4939743.739841509
-1642965.320334756   -3664673.3658936415   4939746.288971619
-1642956.9722496455   -3664671.4684196506   4939746.836403352
-1642949.98363398   -3664673.123868296   4939749.613978033
-1642943.3659602096   -3664673.1608687425   4939755.948346067
-1642935.573192969   -3664672.703585751   4939754.62415966
-1642929.7513671883   -3664673.428082564   4939757.408076353
-1642924.0149932827   -3664670.7343057916   4939758.1097151
-1642920.396753779   -3664671.0546063543   4939759.806001381
-1642919.7056710646   -3664674.186644497   4939761.866952014
-1642916.4245212576   -3664670.720468757   4939762.760672434
-1642915.040181714   -3664674.0070309886   4939764.509469968
-1642913.4504530618   -3664672.8077413095   4939759.569426258
-1642911.1185328474   -3664673.4249085393   4939761.870542054
-1642912.4336300122   -3664674.3069172874   4939763.502459922
-1642909.4465204056   -3664672.3467880697   4939765.554208898
-1642905.8131620686   -3664671.2914643856   4939768.538661286
-1642899.3753871808   -3664667.078170376   4939769.779720578
-1642896.1303852838   -3664666.1955695134   4939774.113199171
-1642893.5646179887   -3664660.186023777   4939781.217721719
-1642893.981574424   -3664652.548662907   4939784.434614323
-1642895.8426338653   -3664643.6187198134   4939789.071094793
-1642897.954224786   -3664635.035751391   4939797.363509686
-1642900.609486414   -3664627.7451308225   4939802.181863143
-1642901.7681612475   -3664619.9946154314   4939806.039908888
-1642902.9800202162   -3664611.45473111   4939811.339625092
-1642902.549015116   -3664605.3826949745   4939816.156758197
-1642901.5919394854   -3664598.5182748837   4939818.494897576
-1642897.7301197697   -3664591.895363215   4939823.939645992
-1642892.345713807   -3664589.7686304795   4939831.678909472
-1642886.765558212   -3664586.2491350994   4939834.582932305
-1642879.5016616338   -3664583.878858994   4939842.009097603
-1642872.185956475   -3664583.273884805   4939842.797197051
-1642861.2182019001   -3664582.978232581   4939847.167660841
-1642851.6306441345   -3664583.6532459636   4939848.889570715
-1642839.2811477033   -3664584.716318224   4939848.722630329
-1642828.1136733065   -3664584.4938450516   4939856.742305055
-1642816.160265994   -3664585.350307662   4939857.899132599
-1642802.9893673216   -3664587.4334794777   4939858.9083810365
-1642792.4223886288   -3664589.6914755236   4939865.614073566
-1642779.7149257096   -3664591.411342104   4939869.154896136
-1642767.871386235   -3664593.8534732307   4939870.213915771
-1642756.3007422707   -3664596.727864006   4939870.818270877
-1642744.7467966836   -3664600.316980151   4939875.191334837
-1642732.984699011   -3664602.4735769904   4939876.507849155
-1642722.2293877245   -3664607.056245451   4939873.681788582
-1642711.103652068   -3664609.9544646274   4939874.944210937
-1642701.680242792   -3664613.5727153644   4939877.60952995
-1642690.7742716987   -3664615.185361635   4939876.110969596
-1642681.5794173258   -3664621.9715568996   4939882.498738865
-1642671.7963752036   -3664624.219864853   4939876.311680534
-1642664.3437780184   -3664626.5595086496   4939877.891672237
-1642658.0169674803   -3664628.5863804216   4939879.838133119
-1642654.4201955218   -3664631.6471499666   4939878.124321838
-1642652.478393945   -3664632.72168034   4939880.424115492
-1642651.6098747484   -3664634.8630302716   4939876.766526361
-1642651.3817220817   -3664638.553707252   4939874.141183305
-1642651.9377332835   -3664641.1992128133   4939872.756964171
-1642653.7308877916   -3664645.009868616   4939872.073704751
-1642651.8576460956   -3664646.950090287   4939867.1833488215
-1642652.9457237455   -3664649.66169953   4939867.399366593
-1642651.3659728097   -3664653.682551759   4939866.833877226
-1642648.8206265955   -3664656.5860382314   4939862.256262314
-1642644.9793189578   -3664659.1906905915   4939865.9217647975
-1642641.3716703835   -3664660.6306220423   4939863.824648873
-1642639.135523133   -3664660.4948919686   4939863.378781256
-1642637.5483282486   -3664661.1181717557   4939861.388922195
-1642638.0190700467   -3664661.1880486924   4939863.575176426
-1642638.5921946154   -3664661.746858407   4939864.779503913
-1642638.8779529794   -3664661.8621899877   4939862.716614652
-1642638.856476221   -3664662.1212382056   4939862.021359498
-1642638.3569161966   -3664661.5344048976   4939861.4995576665
-1642639.146983168   -3664661.5972598265   4939863.226721075
-1642639.0746337944   -3664661.3493642756   4939863.10392603
-1642639.3971108226   -3664661.8983454485   4939862.832678081
-1642638.656085376   -3664660.5920217466   4939861.693315736
-1642638.8897424913   -3664662.4135197303   4939860.82472371
-1642638.201112523   -3664661.8922925885   4939864.711683004
-1642638.5976909657   -3664662.5436712033   4939862.881999344
-1642638.7856389668   -3664662.017231881   4939863.768772011
-1642638.426122481   -3664661.333592709   4939865.030618461
-1642638.0709038677   -3664660.8186681285   4939863.6347280415
-1642638.545526179   -3664661.843222392   4939863.689746196
-1642638.5231765814   -3664660.777031866   4939864.444491945
-1642638.8706711493   -3664661.78778976   4939863.857718991
-1642638.439613041   -3664661.541923294   4939861.434096868
-1642638.9604512725   -3664661.3986533573   4939864.515060035
-1642639.3409502965   -3664661.8440844244   4939861.983600592
-1642638.9743642642   -3664661.018850051   4939862.267220345
-1642638.2008560167   -3664662.3341250084   4939861.880725976
-1642639.49598069   -3664663.06874871   4939861.685008303
-1642638.7989497925   -3664660.951884297   4939865.195456505
-1642637.9801434218   -3664661.806442124   4939861.676594796
-1642639.1861531374   -3664660.281746276   4939864.051306612
-1642638.9152407036   -3664660.204631771   4939860.829426446
-1642638.6708374755   -3664660.6651204773   4939861.704434527
-1642638.8273407018   -3664660.9724992746   4939861.874003053
-1642639.4627567907   -3664662.2549210046   4939861.60881703
-1642638.7588760934   -3664663.1133820307   4939861.380458333
-1642638.365704469   -3664660.0244011707   4939862.177140121
-1642637.6847114423   -3664659.089886771   4939857.743224896
-1642638.8830776336   -3664661.0481937216   4939865.2050332455
-1642638.6379916295   -3664660.578835181   4939860.680061635
-1642638.9034476897   -3664661.1843416183   4939862.720827063
-1642638.7134401423   -3664659.55677827   4939862.644617321
-1642639.1955680281   -3664660.846866842   4939863.252731468
-1642637.890177039   -3664660.000743298   4939863.14411105
-1642638.6316067402   -3664661.093632126   4939862.8586930055
-1642639.267890108   -3664660.96217462   4939865.327988022
-1642638.3556821516   -3664660.069444857   4939862.544044732
-1642638.2339129054   -3664661.058633781   4939863.748781004
-1642639.2710948423   -3664661.687549975   4939863.769568638
-1642638.4265752183   -3664660.4272340746   4939860.766057676
-1642638.772396237   -3664661.320504186   4939863.720347021
-1642638.4045847165   -3664661.2062422675   4939863.823593302
-1642638.3951615796   -3664660.172460065   4939861.806311372
-1642638.0739375348   -3664661.600114144   4939860.454045013
-1642638.5742218618   -3664661.5041959565   4939862.442946713
-1642638.3284699575   -3664660.7821719525   4939862.358441529
-1642638.3499144225   -3664660.231798977   4939864.249618921
-1642638.93285476   -3664661.787364957   4939863.698643752
-1642638.8534892155   -3664659.290161652   4939865.523404414
-1642637.6545745153   -3664660.8148858007   4939863.389495274
-1642637.338430198   -3664659.5088503617   4939862.446256838
-1642638.230918995   -3664661.1177092097   4939865.282223875
-1642639.2175476442   -3664661.003510679   4939864.690538033
-1642639.049041419   -3664660.7578418995   4939865.0624025585
-1642638.8731992778   -3664660.3727825372   4939865.864645804
-1642639.4614533538   -3664659.824227528   4939865.162194685
-1642639.267970059   -3664660.6425666   4939864.783137707
-1642639.143737683   -3664661.408249929   4939862.76910397
-1642639.3811714435   -3664660.696393297   4939865.29987286
-1642638.5158271578   -3664660.6924675545   4939864.056119608
-1642639.044025673   -3664661.8703448325   4939865.312209103
-1642638.9233882984   -3664659.584505923   4939864.415827233
-1642637.9781009294   -3664659.1822830793   4939862.822672911
-1642637.5557428247   -3664660.603700025   4939860.94424973
-1642638.9597208244   -3664660.8085821606   4939862.336432307
-1642639.7531719774   -3664661.5067921095   4939867.163269743
-1642638.6079062906   -3664661.0288876747   4939864.099209037
-1642637.914511379   -3664660.327575039   4939858.733380534
-1642637.9508178746   -3664660.118912156   4939861.6981989
-1642638.671982552   -3664661.67375031   4939864.045535072
-1642638.6055138279   -3664661.116952014   4939866.244217374
-1642638.6829645853   -3664661.23303436   4939863.908379046
-1642639.6935863718   -3664662.052706514   4939864.087524267
-1642639.008784358   -3664661.751021483   4939862.463017507
-1642637.9613231532   -3664661.7846832774   4939863.039167602
-1642638.6373043933   -3664661.5656165336   4939864.466060871
-1642638.4709620103   -3664660.9653528053   4939864.503608275
-1642637.374572067   -3664660.00740444   4939860.831164056
-1642637.7789751897   -3664660.5137486495   4939862.858341261
-1642637.148724971   -3664661.1709155673   4939855.924419294
-1642638.642539074   -3664662.494557949   4939862.2230501
-1642638.276081091   -3664661.2848454057   4939862.257500868
-1642638.661513838   -3664661.7050037845   4939861.602801683
-1642638.491964575   -3664661.580724169   4939859.775599569
-1642638.8767827079   -3664662.4987888723   4939862.458233329
-1642638.72431499   -3664661.900747754   4939860.973912818
-1642638.6467124394   -3664661.8923647213   4939863.603167387
-1642638.7692650221   -3664660.4116226295   4939862.813106001
-1642637.927632746   -3664662.304886053   4939860.85648091
-1642638.8957803717   -3664661.573536182   4939861.320673492
-1642638.9273522275   -3664661.585950644   4939859.535783015
-1642638.5551411049   -3664662.336095966   4939858.191298186
-1642639.143835342   -3664660.8113491195   4939864.110920989
-1642638.4450539534   -3664662.1673742523   4939862.599291763
-1642637.727913004   -3664661.090553757   4939860.723280659
-1642638.4673734733   -3664662.6609674105   4939865.235248584
-1642638.9582984261   -3664662.1937390896   4939863.690524952
-1642638.944107091   -3664662.47021407   4939859.646911331
-1642637.6119031226   -3664662.225352413   4939861.506169552
-1642638.2789575923   -3664660.4046059223   4939862.397058355
-1642638.4551183223   -3664660.942956627   4939863.299555568
-1642638.3836794698   -3664662.3626641072   4939863.188958037
-1642637.4076184633   -3664662.963805984   4939860.156024107
-1642637.0284881273   -3664662.26045245   4939866.025379137
-1642637.2111145558   -3664663.0721282773   4939866.534999525
-1642633.5362456955   -3664662.015554584   4939865.9363013785
-1642631.7263413288   -3664662.2320706095   4939863.993996385
-1642629.2254096656   -3664662.9156212397   4939864.598530034
-1642625.6128269325   -3664664.1762181763   4939863.764435663
-1642623.4986604725   -3664664.691620135   4939867.529667002
-1642619.6180309677   -3664667.6985588544   4939866.627786842
-1642616.2530151964   -3664667.3024196993   4939870.696755306
-1642612.4652460378   -3664668.7529075504   4939868.343799491
-1642608.8357108284   -3664669.750514187   4939871.642630718
-1642605.9854063536   -3664670.723461252   4939867.196868641
-1642600.9211732063   -3664672.844495257   4939863.574369993
-1642598.8828830242   -3664674.1453081793   4939871.769570344
-1642594.5014177295   -3664674.983064581   4939867.036065882
-1642590.3058227822   -3664678.238429649   4939864.177320809
-1642586.0393627277   -3664679.453797358   4939870.091314351
-1642581.8363645736   -3664681.8428532155   4939869.2419748455