78463   -1642640.913   -3664659.038    4939862.406
78464   -1642640.909   -3664659.036    4939862.393
78465   -1642640.912   -3664659.040    4939862.395
78466   -1642640.912   -3664659.039    4939862.398
78467   -1642640.913   -3664659.038    4939862.399
78468   -1642640.912   -3664659.035    4939862.399
78469   -1642640.910   -3664659.035    4939862.404
78470   -1642640.914   -3664659.042    4939862.401
78471   -1642640.913   -3664659.041    4939862.399
78472   -1642640.913   -3664659.036    4939862.397
78473   -1642640.910   -3664659.038    4939862.397
78474   -1642640.909   -3664659.036    4939862.399
78475   -1642640.913   -3664659.035    4939862.401
78476   -1642640.910   -3664659.034    4939862.398
78477   -1642640.912   -3664659.040    4939862.402
78478   -1642640.911   -3664659.035    4939862.398
78479   -1642640.911   -3664659.036    4939862.398
78480   -1642640.911   -3664659.035    4939862.400
78481   -1642640.913   -3664659.039    4939862.399
78482   -1642640.915   -3664659.034    4939862.400
78483   -1642640.912   -3664659.032    4939862.394
78484   -1642640.913   -3664659.039    4939862.400
78485   -1642640.913   -3664659.034    4939862.400
78486   -1642640.913   -3664659.041    4939862.400
78487   -1642640.912   -3664659.034    4939862.395
78488   -1642640.911   -3664659.036    4939862.396
78489   -1642640.912   -3664659.036    4939862.399
78490   -1642640.912   -3664659.035    4939862.401
78491   -1642640.912   -3664659.035    4939862.397
78492   -1642640.911   -3664659.033    4939862.393
78493   -1642640.914   -3664659.034    4939862.403
78494   -1642640.911   -3664659.036    4939862.396
78495   -1642640.911   -3664659.037    4939862.397
78496   -1642640.912   -3664659.034    4939862.400
78497   -1642640.912   -3664659.036    4939862.400
78498   -1642640.915   -3664659.041    4939862.403
78499   -1642640.910   -3664659.031    4939862.396
78500   -1642640.911   -3664659.035    4939862.400
78501   -1642640.910   -3664659.036    4939862.399
78502   -1642640.909   -3664659.035    4939862.396
78503   -1642640.914   -3664659.034    4939862.403
78504   -1642640.910   -3664659.033    4939862.397
78505   -1642640.914   -3664659.036    4939862.402
78506   -1642640.912   -3664659.036    4939862.398
78507   -1642640.912   -3664659.038    4939862.401
78508   -1642640.913   -3664659.040    4939862.400
78509   -1642640.911   -3664659.036    4939862.395
78510   -1642640.914   -3664659.038    4939862.401
78511   -1642640.910   -3664659.035    4939862.401
78512   -1642640.913   -3664659.038    4939862.402
78513   -1642640.912   -3664659.034    4939862.398
78514   -1642640.913   -3664659.038    4939862.407
78515   -1642640.910   -3664659.038    4939862.398
78516   -1642640.910   -3664659.032    4939862.394
78517   -1642640.910   -3664659.036    4939862.401
78518   -1642640.910   -3664659.035    4939862.401
78519   -1642640.911   -3664659.036    4939862.406
78520   -1642640.911   -3664659.035    4939862.396
78521   -1642640.912   -3664659.038    4939862.400
78522   -1642640.910   -3664659.038    4939862.401
78523   -1642640.913   -3664659.039    4939862.406
78524   -1642640.911   -3664659.037    4939862.398
78525   -1642640.908   -3664659.034    4939862.394
78526   -1642640.911   -3664659.037    4939862.399
78527   -1642640.913   -3664659.041    4939862.402
78528   -1642640.911   -3664659.038    4939862.398
78529   -1642640.912   -3664659.039    4939862.403
78530   -1642640.912   -3664659.039    4939862.399
78531   -1642640.911   -3664659.038    4939862.398
78532   -1642640.910   -3664659.037    4939862.396
78533   -1642640.911   -3664659.036    4939862.399
78534   -1642640.913   -3664659.039    4939862.407
78535   -1642640.911   -3664659.038    4939862.397
78536   -1642640.911   -3664659.032    4939862.399
78537   -1642640.910   -3664659.036    4939862.398
78538   -1642640.911   -3664659.033    4939862.395
78539   -1642640.911   -3664659.037    4939862.401
78540   -1642640.914   -3664659.036    4939862.406
78541   -1642640.909   -3664659.034    4939862.399
78542   -1642640.910   -3664659.035    4939862.400
78543   -1642640.909   -3664659.036    4939862.400
78544   -1642640.911   -3664659.036    4939862.407
78545   -1642640.908   -3664659.036    4939862.400
78546   -1642640.910   -3664659.041    4939862.406
78547   -1642640.911   -3664659.036    4939862.397
78548   -1642640.912   -3664659.036    4939862.398
78549   -1642640.910   -3664659.038    4939862.401
78550   -1642640.913   -3664659.039    4939862.405
78551   -1642640.914   -3664659.042    4939862.411
78552   -1642640.914   -3664659.041    4939862.410
78553   -1642640.912   -3664659.036    4939862.407
78554   -1642640.910   -3664659.039    4939862.401
78555   -1642640.910   -3664659.036    4939862.403
78556   -1642640.910   -3664659.035    4939862.401
78557   -1642640.910   -3664659.037    4939862.400
78558   -1642640.914   -3664659.044    4939862.410
78559   -1642640.910   -3664659.037    4939862.404
78560   -1642640.910   -3664659.034    4939862.405
78561   -1642640.910   -3664659.040    4939862.403
78562   -1642640.909   -3664659.039    4939862.398
78563   -1642640.910   -3664659.034    4939862.402
78564   -1642640.912   -3664659.040    4939862.404
78565   -1642640.913   -3664659.038    4939862.404
78566   -1642640.912   -3664659.039    4939862.405
78567   -1642640.914   -3664659.043    4939862.405
78568   -1642640.911   -3664659.038    4939862.402
78569   -1642640.911   -3664659.040    4939862.404
78570   -1642640.913   -3664659.037    4939862.404
78571   -1642640.913   -3664659.037    4939862.400
78572   -1642640.907   -3664659.036    4939862.395
78573   -1642640.910   -3664659.042    4939862.401
78574   -1642640.915   -3664659.040    4939862.407
78575   -1642640.910   -3664659.034    4939862.400
78576   -1642640.910   -3664659.038    4939862.405
78577   -1642640.913   -3664659.041    4939862.405
78578   -1642640.913   -3664659.037    4939862.409
78579   -1642640.916   -3664659.041    4939862.406
78580   -1642640.913   -3664659.038    4939862.404
78581   -1642640.912   -3664659.039    4939862.406
78582   -1642640.914   -3664659.036    4939862.406
78583   -1642640.913   -3664659.037    4939862.404
78584   -1642640.912   -3664659.037    4939862.400
78585   -1642640.915   -3664659.042    4939862.405
78586   -1642640.913   -3664659.039    4939862.401
78587   -1642640.913   -3664659.037    4939862.404
78588   -1642640.913   -3664659.038    4939862.400
78589   -1642640.912   -3664659.037    4939862.402
78590   -1642640.910   -3664659.034    4939862.404
78591   -1642640.913   -3664659.042    4939862.397
78592   -1642640.913   -3664659.037    4939862.398
78593   -1642640.913   -3664659.039    4939862.402
78594   -1642640.912   -3664659.036    4939862.405
78595   -1642640.911   -3664659.035    4939862.399
78596   -1642640.911   -3664659.038    4939862.402
78597   -1642640.911   -3664659.038    4939862.406
78598   -1642640.911   -3664659.034    4939862.405
78599   -1642640.911   -3664659.037    4939862.401
78600   -1642640.913   -3664659.035    4939862.403
78601   -1642640.917   -3664659.041    4939862.410
78602   -1642640.913   -3664659.040    4939862.403
78603   -1642640.911   -3664659.035    4939862.399
78604   -1642640.911   -3664659.035    4939862.401
78605   -1642640.913   -3664659.040    4939862.411
78606   -1642640.913   -3664659.036    4939862.404
78607   -1642640.911   -3664659.037    4939862.401
78608   -1642640.911   -3664659.036    4939862.408
78609   -1642640.911   -3664659.039    4939862.411
78610   -1642640.912   -3664659.038    4939862.403
78611   -1642640.913   -3664659.038    4939862.400
78612   -1642640.914   -3664659.042    4939862.408
78613   -1642640.913   -3664659.035    4939862.404
78614   -1642640.912   -3664659.037    4939862.405
78615   -1642640.913   -3664659.038    4939862.407
78616   -1642640.914   -3664659.038    4939862.406
78617   -1642640.911   -3664659.037    4939862.405
78618   -1642640.911   -3664659.033    4939862.404
78619   -1642640.910   -3664659.040    4939862.403
78620   -1642640.913   -3664659.038    4939862.403
78621   -1642640.911   -3664659.038    4939862.404
78622   -1642640.911   -3664659.034    4939862.395
78623   -1642640.909   -3664659.036    4939862.405
78624   -1642640.911   -3664659.032    4939862.406
78625   -1642640.909   -3664659.034    4939862.399
78626   -1642640.911   -3664659.033    4939862.397
78627   -1642640.911   -3664659.039    4939862.403
78628   -1642640.911   -3664659.036    4939862.404
78629   -1642640.912   -3664659.041    4939862.406
78630   -1642640.912   -3664659.038    4939862.403
78631   -1642640.914   -3664659.036    4939862.402
78632   -1642640.911   -3664659.039    4939862.403
78633   -1642640.912   -3664659.038    4939862.405
78634   -1642640.911   -3664659.034    4939862.403
78635   -1642640.912   -3664659.038    4939862.402
78636   -1642640.913   -3664659.040    4939862.408
78637   -1642640.912   -3664659.036    4939862.402
78638   -1642640.912   -3664659.036    4939862.401
78639   -1642640.913   -3664659.036    4939862.402
78640   -1642640.912   -3664659.039    4939862.404
78641   -1642640.914   -3664659.038    4939862.403
78642   -1642640.914   -3664659.039    4939862.406
78643   -1642640.914   -3664659.038    4939862.405
78644   -1642640.914   -3664659.038    4939862.408
78645   -1642640.913   -3664659.035    4939862.402
78646   -1642640.914   -3664659.037    4939862.407
78647   -1642640.913   -3664659.036    4939862.407
78648   -1642640.914   -3664659.039    4939862.406
78649   -1642640.911   -3664659.031    4939862.401
78650   -1642640.913   -3664659.038    4939862.408
78651   -1642640.913   -3664659.036    4939862.406
78652   -1642640.914   -3664659.035    4939862.406
78653   -1642640.912   -3664659.036    4939862.406
78654   -1642640.914   -3664659.034    4939862.409
78655   -1642640.913   -3664659.033    4939862.401
78656   -1642640.914   -3664659.038    4939862.411
78657   -1642640.913   -3664659.035    4939862.412
78658   -1642640.914   -3664659.037    4939862.409
78659   -1642640.914   -3664659.040    4939862.410
78660   -1642640.914   -3664659.036    4939862.406
78661   -1642640.915   -3664659.039    4939862.407
78662   -1642640.913   -3664659.039    4939862.405
78663   -1642640.914   -3664659.040    4939862.411
78664   -1642640.911   -3664659.035    4939862.402
78665   -1642640.914   -3664659.038    4939862.406
78666   -1642640.910   -3664659.036    4939862.400
78667   -1642640.910   -3664659.034    4939862.397
78668   -1642640.910   -3664659.035    4939862.402
78669   -1642640.913   -3664659.041    4939862.401
78670   -1642640.912   -3664659.037    4939862.404
78671   -1642640.912   -3664659.035    4939862.400
78672   -1642640.912   -3664659.035    4939862.405
78673   -1642640.912   -3664659.035    4939862.400
78674   -1642640.912   -3664659.036    4939862.408
78675   -1642640.913   -3664659.039    4939862.402
78676   -1642640.915   -3664659.039    4939862.408
78677   -1642640.917   -3664659.034    4939862.407
78678   -1642641.126   -3664658.954    4939862.399
78679   -1642641.674   -3664658.723    4939862.356
78680   -1642642.515   -3664658.375    4939862.330
78681   -1642643.603   -3664657.891    4939862.306
78682   -1642645.298   -3664657.087    4939862.297
78683   -1642647.560   -3664655.817    4939862.448
78684   -1642649.945   -3664653.997    4939862.930
78685   -1642651.979   -3664651.617    4939863.941
78686   -1642653.251   -3664649.093    4939865.434
78687   -1642653.650   -3664646.736    4939867.171
78688   -1642653.500   -3664644.551    4939868.916
78689   -1642653.107   -3664642.415    4939870.621
78690   -1642652.580   -3664640.405    4939872.202
78691   -1642652.095   -3664638.894    4939873.375
78692   -1642651.634   -3664637.638    4939874.342
78693   -1642651.040   -3664636.344    4939875.377
78694   -1642650.352   -3664635.216    4939876.271
78695   -1642649.539   -3664634.340    4939877.060
78696   -1642648.242   -3664633.557    4939877.969
78697   -1642646.661   -3664633.065    4939878.901
78698   -1642644.837   -3664632.902    4939879.666
78699   -1642642.617   -3664633.044    4939880.352
78700   -1642640.354   -3664633.533    4939880.783
78701   -1642638.165   -3664634.214    4939881.043
78702   -1642636.040   -3664635.017    4939881.191
78703   -1642633.974   -3664635.919    4939881.244
78704   -1642631.918   -3664636.848    4939881.249
78705   -1642629.863   -3664637.771    4939881.287
78706   -1642627.807   -3664638.663    4939881.312
78707   -1642625.756   -3664639.569    4939881.362
78708   -1642623.696   -3664640.451    4939881.412
78709   -1642621.647   -3664641.342    4939881.455
78710   -1642619.662   -3664642.145    4939881.547
78711   -1642617.871   -3664642.675    4939881.765
78712   -1642616.225   -3664642.928    4939882.155
78713   -1642614.720   -3664642.746    4939882.808
78714   -1642613.381   -3664642.022    4939883.812
78715   -1642612.571   -3664640.725    4939885.015
78716   -1642612.577   -3664639.033    4939886.232
78717   -1642613.523   -3664637.318    4939887.114
78718   -1642615.314   -3664635.965    4939887.466
78719   -1642617.518   -3664635.033    4939887.409
78720   -1642619.931   -3664634.329    4939887.115
78721   -1642623.004   -3664633.453    4939886.773
78722   -1642626.600   -3664632.314    4939886.402
78723   -1642630.137   -3664631.089    4939886.104
78724   -1642633.701   -3664629.737    4939885.870
78725   -1642637.523   -3664628.224    4939885.681
78726   -1642641.667   -3664626.508    4939885.523
78727   -1642646.145   -3664624.612    4939885.363
78728   -1642650.975   -3664622.574    4939885.198
78729   -1642655.933   -3664620.510    4939885.026
78730   -1642660.885   -3664618.520    4939884.824
78731   -1642665.785   -3664616.559    4939884.614
78732   -1642670.613   -3664614.671    4939884.405
78733   -1642675.350   -3664612.827    4939884.220
78734   -1642679.975   -3664611.018    4939884.046
78735   -1642684.578   -3664609.177    4939883.901
78736   -1642689.216   -3664607.335    4939883.761
78737   -1642693.925   -3664605.440    4939883.648
78738   -1642699.005   -3664603.432    4939883.480
78739   -1642704.226   -3664601.405    4939883.233
78740   -1642709.361   -3664599.480    4939883.014
78741   -1642714.520   -3664597.636    4939882.690
78742   -1642719.895   -3664595.860    4939882.240
78743   -1642725.550   -3664594.154    4939881.656
78744   -1642731.488   -3664592.443    4939880.915
78745   -1642737.736   -3664590.741    4939880.021
78746   -1642744.273   -3664589.128    4939878.995
78747   -1642751.037   -3664587.461    4939877.899
78748   -1642758.017   -3664585.766    4939876.771
78749   -1642764.879   -3664584.181    4939875.610
78750   -1642771.793   -3664582.689    4939874.373
78751   -1642778.828   -3664581.257    4939873.047
78752   -1642785.610   -3664580.002    4939871.713
78753   -1642792.152   -3664578.886    4939870.398
78754   -1642798.702   -3664577.836    4939869.033
78755   -1642805.406   -3664576.826    4939867.621
78756   -1642812.262   -3664575.890    4939866.115
78757   -1642819.261   -3664575.050    4939864.480
78758   -1642826.358   -3664574.389    4939862.682
78759   -1642833.401   -3664573.951    4939860.721
78760   -1642840.202   -3664573.642    4939858.695
78761   -1642846.807   -3664573.453    4939856.644
78762   -1642853.253   -3664573.318    4939854.592
78763   -1642859.663   -3664573.177    4939852.513
78764   -1642865.950   -3664573.073    4939850.433
78765   -1642872.015   -3664573.007    4939848.412
78766   -1642877.899   -3664572.945    4939846.457
78767   -1642883.644   -3664572.883    4939844.551
78768   -1642889.282   -3664572.817    4939842.672
78769   -1642894.674   -3664572.772    4939840.848
78770   -1642899.178   -3664572.785    4939839.315
78771   -1642902.650   -3664572.867    4939838.062
78772   -1642905.160   -3664573.070    4939837.081
78773   -1642907.267   -3664573.394    4939836.157
78774   -1642909.222   -3664573.879    4939835.151
78775   -1642911.058   -3664574.527    4939834.062
78776   -1642912.809   -3664575.342    4939832.888
78777   -1642914.437   -3664576.311    4939831.590
78778   -1642915.973   -3664577.512    4939830.167
78779   -1642917.270   -3664578.905    4939828.678
78780   -1642918.363   -3664580.558    4939827.100
78781   -1642919.239   -3664582.512    4939825.340
78782   -1642919.805   -3664584.779    4939823.469
78783   -1642920.068   -3664587.333    4939821.508
78784   -1642920.105   -3664590.143    4939819.476
78785   -1642920.012   -3664593.231    4939817.238
78786   -1642919.763   -3664596.683    4939814.788
78787   -1642919.401   -3664600.473    4939812.143
78788   -1642918.815   -3664604.602    4939809.368
78789   -1642918.004   -3664609.041    4939806.447
78790   -1642916.976   -3664613.775    4939803.373
78791   -1642915.932   -3664618.587    4939800.209
78792   -1642914.940   -3664623.375    4939797.012
78793   -1642913.906   -3664628.151    4939793.815
78794   -1642912.760   -3664633.072    4939790.478
78795   -1642911.563   -3664638.050    4939787.086
78796   -1642910.295   -3664642.982    4939783.817
78797   -1642909.020   -3664647.932    4939780.531
78798   -1642907.740   -3664653.098    4939777.080
78799   -1642906.414   -3664658.597    4939773.416
78800   -1642905.040   -3664664.385    4939769.543
78801   -1642903.619   -3664670.372    4939765.618
78802   -1642902.276   -3664676.303    4939761.695
78803   -1642900.932   -3664682.254    4939757.760
78804   -1642899.577   -3664688.352    4939753.775
78805   -1642898.245   -3664694.624    4939749.697
78806   -1642896.951   -3664700.796    4939745.634
78807   -1642895.591   -3664707.127    4939741.465
78808   -1642894.053   -3664713.737    4939737.111
78809   -1642892.404   -3664720.676    4939732.480
78810   -1642890.681   -3664727.827    4939727.719
78811   -1642888.873   -3664735.132    4939722.848
78812   -1642887.047   -3664742.589    4939717.873
78813   -1642885.298   -3664750.020    4939712.885
78814   -1642883.526   -3664757.403    4939707.924
78815   -1642881.794   -3664764.707    4939703.066
78816   -1642880.093   -3664771.968    4939698.216
78817   -1642878.438   -3664779.190    4939693.459
78818   -1642876.884   -3664786.316    4939688.823
78819   -1642875.266   -3664793.462    4939684.195
78820   -1642873.621   -3664800.718    4939679.482
78821   -1642871.901   -3664808.112    4939674.639
78822   -1642870.207   -3664815.583    4939669.698
78823   -1642868.560   -3664822.988    4939664.782
78824   -1642866.758   -3664830.371    4939659.962
78825   -1642864.941   -3664837.661    4939655.059
78826   -1642863.136   -3664845.027    4939650.139
78827   -1642861.351   -3664852.488    4939645.046
78828   -1642859.593   -3664860.118    4939639.981
78829   -1642857.777   -3664867.930    4939634.701
78830   -1642855.879   -3664875.982    4939629.299
78831   -1642853.888   -3664884.253    4939623.764
78832   -1642851.859   -3664892.625    4939618.140
78833   -1642849.763   -3664900.909    4939612.657
78834   -1642847.819   -3664909.025    4939607.284
78835   -1642846.099   -3664916.855    4939602.186
78836   -1642844.662   -3664923.917    4939597.505
78837   -1642843.488   -3664929.810    4939593.615
78838   -1642842.536   -3664934.753    4939590.340
78839   -1642841.879   -3664938.939    4939587.466
78840   -1642841.476   -3664941.979    4939585.326
78841   -1642841.298   -3664943.640    4939584.140
78842   -1642841.216   -3664944.361    4939583.623
78843   -1642841.154   -3664945.299    4939582.944
78844   -1642841.177   -3664946.740    4939581.825
78845   -1642841.729   -3664948.883    4939580.082
78846   -1642843.277   -3664951.169    4939577.869
78847   -1642845.765   -3664952.882    4939575.742
78848   -1642848.821   -3664954.009    4939573.814
78849   -1642852.130   -3664954.796    4939572.056
78850   -1642855.618   -3664955.199    4939570.526
78851   -1642859.416   -3664955.217    4939569.170
78852   -1642863.610   -3664955.135    4939567.754
78853   -1642868.123   -3664955.076    4939566.194
78854   -1642872.925   -3664955.081    4939564.480
78855   -1642877.808   -3664955.084    4939562.732
78856   -1642882.743   -3664955.098    4939560.997
78857   -1642887.688   -3664955.138    4939559.222
78858   -1642892.684   -3664955.153    4939557.466
78859   -1642897.702   -3664955.143    4939555.705
78860   -1642902.737   -3664955.118    4939553.921
78861   -1642907.803   -3664955.106    4939552.126
78862   -1642912.885   -3664955.098    4939550.344
78863   -1642918.048   -3664955.115    4939548.533
78864   -1642923.512   -3664955.077    4939546.626
78865   -1642929.325   -3664954.984    4939544.641
78866   -1642935.436   -3664954.903    4939542.550
78867   -1642941.801   -3664954.851    4939540.368
78868   -1642948.288   -3664954.762    4939538.240
78869   -1642954.547   -3664954.660    4939536.125
78870   -1642960.640   -3664954.588    4939534.120
78871   -1642966.567   -3664954.534    4939532.110
78872   -1642972.573   -3664954.513    4939530.067
78873   -1642978.772   -3664954.526    4939527.919
78874   -1642985.318   -3664954.530    4939525.723
78875   -1642992.103   -3664954.533    4939523.402
78876   -1642998.732   -3664954.532    4939521.134
78877   -1643005.172   -3664954.494    4939518.952
78878   -1643011.649   -3664954.543    4939516.712
78879   -1643018.275   -3664954.531    4939514.439
78880   -1643024.936   -3664954.429    4939512.255
78881   -1643031.379   -3664954.268    4939510.171
78882   -1643037.626   -3664954.181    4939508.129
78883   -1643043.654   -3664954.245    4939506.028
78884   -1643049.545   -3664954.388    4939503.907
78885   -1643055.339   -3664954.486    4939501.855
78886   -1643061.012   -3664954.522    4939499.889
78887   -1643066.572   -3664954.530    4939497.965
78888   -1643072.000   -3664954.546    4939496.086
78889   -1643077.318   -3664954.506    4939494.315
78890   -1643082.560   -3664954.195    4939492.773
78891   -1643087.929   -3664953.492    4939491.466
78892   -1643093.377   -3664952.343    4939490.483
78893   -1643099.032   -3664950.719    4939489.718
78894   -1643104.602   -3664948.672    4939489.469
78895   -1643109.860   -3664946.119    4939489.533
78896   -1643115.342   -3664943.254    4939489.840
78897   -1643121.178   -3664940.220    4939490.208
78898   -1643127.276   -3664937.228    4939490.489
78899   -1643133.341   -3664934.378    4939490.670
78900   -1643139.084   -3664931.730    4939490.802
78901   -1643144.806   -3664929.078    4939490.952
78902   -1643150.575   -3664926.343    4939491.156
78903   -1643156.370   -3664923.459    4939491.467
78904   -1643162.091   -3664920.172    4939492.060
78905   -1643167.681   -3664916.455    4939493.036
78906   -1643173.004   -3664912.203    4939494.439
78907   -1643177.939   -3664907.349    4939496.348
78908   -1643182.438   -3664901.948    4939498.795
78909   -1643186.552   -3664896.103    4939501.657
78910   -1643190.130   -3664889.942    4939504.962
78911   -1643192.864   -3664883.853    4939508.593
78912   -1643194.692   -3664878.100    4939512.332
78913   -1643195.861   -3664872.574    4939516.087
78914   -1643196.788   -3664867.092    4939519.870
78915   -1643197.630   -3664861.545    4939523.719
78916   -1643198.384   -3664855.881    4939527.656
78917   -1643199.238   -3664850.133    4939531.661
78918   -1643200.158   -3664844.472    4939535.508
78919   -1643201.203   -3664838.902    4939539.259
78920   -1643202.269   -3664833.238    4939543.052
78921   -1643203.199   -3664827.438    4939547.013
78922   -1643203.964   -3664821.589    4939551.093
78923   -1643204.647   -3664815.989    4939555.018
78924   -1643205.290   -3664810.623    4939558.814
78925   -1643205.975   -3664805.285    4939562.595
78926   -1643206.667   -3664799.842    4939566.360
78927   -1643207.367   -3664794.253    4939570.189
78928   -1643208.091   -3664788.520    4939574.116
78929   -1643208.873   -3664782.718    4939578.117
78930   -1643209.758   -3664776.808    4939582.173
78931   -1643210.655   -3664770.912    4939586.160
78932   -1643211.550   -3664765.296    4939589.989
78933   -1643212.424   -3664759.791    4939593.823
78934   -1643213.241   -3664754.304    4939597.764
78935   -1643213.917   -3664748.729    4939601.790
78936   -1643214.434   -3664743.074    4939605.950
78937   -1643214.890   -3664737.336    4939610.182
78938   -1643215.270   -3664731.577    4939614.449
78939   -1643215.562   -3664725.855    4939618.747
78940   -1643215.800   -3664720.218    4939623.015
78941   -1643216.086   -3664714.691    4939627.224
78942   -1643216.367   -3664709.182    4939631.335
78943   -1643216.659   -3664703.627    4939635.363
78944   -1643217.120   -3664698.107    4939639.401
78945   -1643217.560   -3664692.658    4939643.472
78946   -1643217.907   -3664687.103    4939647.575
78947   -1643218.058   -3664681.386    4939651.837
78948   -1643217.869   -3664675.640    4939656.303
78949   -1643217.107   -3664670.050    4939660.933
78950   -1643215.492   -3664664.798    4939665.544
78951   -1643213.033   -3664659.972    4939670.094
78952   -1643209.863   -3664655.509    4939674.561
78953   -1643206.169   -3664651.430    4939678.888
78954   -1643202.048   -3664647.802    4939683.049
78955   -1643197.518   -3664644.635    4939686.996
78956   -1643192.581   -3664642.031    4939690.676
78957   -1643187.302   -3664639.966    4939694.106
78958   -1643181.756   -3664638.401    4939697.247
78959   -1643176.058   -3664637.247    4939700.120
78960   -1643170.188   -3664636.598    4939702.677
78961   -1643164.136   -3664636.491    4939704.834
78962   -1643157.984   -3664636.946    4939706.668
78963   -1643151.806   -3664637.913    4939708.121
78964   -1643145.555   -3664639.308    4939709.268
78965   -1643139.142   -3664640.971    4939710.289
78966   -1643132.511   -3664642.813    4939711.253
78967   -1643125.581   -3664644.770    4939712.241
78968   -1643118.374   -3664646.699    4939713.333
78969   -1643110.885   -3664648.656    4939714.507
78970   -1643103.224   -3664650.644    4939715.755
78971   -1643095.406   -3664652.633    4939717.071
78972   -1643087.438   -3664654.679    4939718.448
78973   -1643079.462   -3664656.671    4939719.787
78974   -1643071.857   -3664658.531    4939720.996
78975   -1643064.748   -3664660.159    4939722.187
78976   -1643057.971   -3664661.596    4939723.424
78977   -1643051.216   -3664662.906    4939724.663
78978   -1643044.367   -3664664.141    4939725.935
78979   -1643037.441   -3664665.383    4939727.221
78980   -1643030.422   -3664666.584    4939728.620
78981   -1643023.258   -3664667.765    4939730.144
78982   -1643015.938   -3664668.917    4939731.754
78983   -1643008.541   -3664669.875    4939733.544
78984   -1643001.136   -3664670.669    4939735.444
78985   -1642993.790   -3664671.364    4939737.367
78986   -1642986.481   -3664671.951    4939739.309
78987   -1642979.196   -3664672.449    4939741.285
78988   -1642972.085   -3664672.886    4939743.160
78989   -1642965.214   -3664673.254    4939745.011
78990   -1642958.565   -3664673.523    4939746.912
78991   -1642952.074   -3664673.699    4939748.808
78992   -1642945.770   -3664673.749    4939750.673
78993   -1642939.541   -3664673.772    4939752.448
78994   -1642933.395   -3664673.766    4939754.172
78995   -1642927.393   -3664673.787    4939755.865
78996   -1642921.817   -3664673.834    4939757.396
78997   -1642917.485   -3664674.007    4939758.472
78998   -1642914.959   -3664674.226    4939759.056
78999   -1642913.607   -3664674.376    4939759.319
79000   -1642912.928   -3664674.463    4939759.421
79001   -1642911.843   -3664674.597    4939759.654
79002   -1642910.135   -3664674.984    4939759.878
79003   -1642907.722   -3664675.911    4939760.041
79004   -1642904.929   -3664677.627    4939759.746
79005   -1642902.298   -3664680.431    4939758.620
79006   -1642900.502   -3664684.182    4939756.520
79007   -1642899.342   -3664688.661    4939753.632
79008   -1642898.306   -3664693.782    4939750.291
79009   -1642897.157   -3664699.394    4939746.563
79010   -1642895.788   -3664705.490    4939742.551
79011   -1642894.280   -3664712.021    4939738.299
79012   -1642892.653   -3664719.026    4939733.630
79013   -1642890.991   -3664726.041    4939729.021
79014   -1642889.303   -3664733.194    4939724.176
79015   -1642887.564   -3664740.582    4939719.200
79016   -1642885.778   -3664748.280    4939713.991
79017   -1642884.025   -3664756.178    4939708.626
79018   -1642882.200   -3664764.153    4939703.300
79019   -1642880.351   -3664771.902    4939698.172
79020   -1642878.511   -3664779.497    4939693.177
79021   -1642876.743   -3664786.856    4939688.440
79022   -1642875.010   -3664794.168    4939683.763
79023   -1642873.281   -3664801.424    4939679.075
79024   -1642871.533   -3664808.673    4939674.336
79025   -1642869.811   -3664815.942    4939669.567
79026   -1642868.151   -3664823.144    4939664.812
79027   -1642866.467   -3664830.346    4939660.056
79028   -1642864.879   -3664837.423    4939655.247
79029   -1642863.256   -3664844.497    4939650.513
79030   -1642861.534   -3664851.560    4939645.708
79031   -1642859.811   -3664858.521    4939641.077
79032   -1642858.113   -3664865.452    4939636.429
79033   -1642856.494   -3664872.366    4939631.789
79034   -1642854.873   -3664879.318    4939627.137
79035   -1642853.251   -3664886.379    4939622.371
79036   -1642851.656   -3664893.550    4939617.506
79037   -1642850.049   -3664900.859    4939612.572
79038   -1642848.491   -3664908.075    4939607.739
79039   -1642846.956   -3664915.024    4939603.193
79040   -1642845.491   -3664921.568    4939598.921
79041   -1642844.122   -3664927.757    4939594.860
79042   -1642842.929   -3664933.515    4939591.104
79043   -1642842.084   -3664938.298    4939587.903
79044   -1642841.662   -3664941.666    4939585.489
79045   -1642841.581   -3664943.635    4939584.004
79046   -1642841.656   -3664944.742    4939583.178
79047   -1642841.790   -3664945.547    4939582.497
79048   -1642842.066   -3664946.511    4939581.642
79049   -1642842.553   -3664947.707    4939580.594
79050   -1642843.456   -3664949.112    4939579.254
79051   -1642844.932   -3664950.706    4939577.570
79052   -1642846.973   -3664952.203    4939575.727
79053   -1642849.610   -3664953.559    4939573.805
79054   -1642852.882   -3664954.480    4939571.994
79055   -1642856.936   -3664954.935    4939570.248
79056   -1642861.702   -3664954.945    4939568.554
79057   -1642866.791   -3664954.854    4939566.806
79058   -1642872.138   -3664954.861    4939564.921
79059   -1642877.887   -3664954.946    4939562.811
79060   -1642883.958   -3664955.062    4939560.587
79061   -1642890.273   -3664955.162    4939558.307
79062   -1642896.922   -3664955.250    4939555.900
79063   -1642903.655   -3664955.291    4939553.459
79064   -1642910.422   -3664955.375    4939551.016
79065   -1642917.269   -3664955.410    4939548.586
79066   -1642924.055   -3664955.395    4939546.226
79067   -1642930.646   -3664955.320    4939543.948
79068   -1642937.172   -3664955.209    4939541.742
79069   -1642943.646   -3664955.072    4939539.587
79070   -1642949.962   -3664954.938    4939537.491
79071   -1642956.157   -3664954.841    4939535.428
79072   -1642962.553   -3664954.751    4939533.295
79073   -1642969.265   -3664954.677    4939531.058
79074   -1642976.247   -3664954.612    4939528.729
79075   -1642983.372   -3664954.591    4939526.301
79076   -1642990.549   -3664954.608    4939523.859
79077   -1642997.744   -3664954.695    4939521.352
79078   -1643004.832   -3664954.803    4939518.861
79079   -1643011.822   -3664954.949    4939516.376
79080   -1643018.785   -3664955.102    4939513.880
79081   -1643025.847   -3664955.204    4939511.383
79082   -1643033.102   -3664955.214    4939508.901
79083   -1643040.488   -3664955.168    4939506.441
79084   -1643047.842   -3664955.085    4939503.994
79085   -1643054.925   -3664955.044    4939501.589
79086   -1643061.716   -3664955.014    4939499.293
79087   -1643068.421   -3664954.993    4939496.994
79088   -1643075.191   -3664954.854    4939494.796
79089   -1643081.813   -3664954.388    4939492.889
79090   -1643088.253   -3664953.461    4939491.387
79091   -1643094.602   -3664952.005    4939490.310
79092   -1643100.951   -3664949.866    4939489.722
79093   -1643107.246   -3664947.281    4939489.563
79094   -1643113.694   -3664944.262    4939489.663
79095   -1643120.631   -3664940.973    4939489.877
79096   -1643127.971   -3664937.313    4939490.244
79097   -1643135.738   -3664933.433    4939490.620
79098   -1643143.918   -3664929.538    4939490.898
79099   -1643152.312   -3664925.504    4939491.228
79100   -1643160.541   -3664921.109    4939491.891
79101   -1643168.035   -3664915.964    4939493.282
79102   -1643174.790   -3664910.063    4939495.413
79103   -1643180.869   -3664903.553    4939498.169
79104   -1643186.167   -3664896.523    4939501.487
79105   -1643190.528   -3664889.158    4939505.427
79106   -1643193.794   -3664881.508    4939510.072
79107   -1643195.730   -3664873.641    4939515.336
79108   -1643197.011   -3664865.629    4939520.890
79109   -1643198.081   -3664857.462    4939526.603
79110   -1643199.070   -3664849.235    4939532.388
79111   -1643200.061   -3664840.937    4939538.127
79112   -1643201.291   -3664832.419    4939544.026
79113   -1643202.683   -3664823.808    4939549.847
79114   -1643204.196   -3664815.337    4939555.645
79115   -1643205.616   -3664807.021    4939561.430
79116   -1643206.885   -3664798.567    4939567.225
79117   -1643208.019   -3664789.817    4939573.192
79118   -1643209.218   -3664780.994    4939579.289
79119   -1643210.519   -3664772.109    4939585.343
79120   -1643211.780   -3664763.225    4939591.453
79121   -1643212.959   -3664754.525    4939597.676
79122   -1643213.893   -3664745.996    4939603.902
79123   -1643214.633   -3664737.491    4939610.147
79124   -1643215.377   -3664728.873    4939616.485
79125   -1643216.099   -3664720.040    4939623.049
79126   -1643216.849   -3664710.789    4939629.946
79127   -1643217.396   -3664701.143    4939637.003
79128   -1643217.885   -3664691.846    4939643.978
79129   -1643218.099   -3664682.922    4939650.672
79130   -1643217.800   -3664674.443    4939657.267
79131   -1643216.226   -3664666.573    4939663.921
79132   -1643212.883   -3664659.567    4939670.474
79133   -1643207.854   -3664653.265    4939676.935
79134   -1643201.579   -3664647.723    4939683.276
79135   -1643194.362   -3664643.187    4939689.174
79136   -1643186.371   -3664639.787    4939694.584
79137   -1643177.529   -3664637.649    4939699.314
79138   -1643167.947   -3664636.820    4939703.292
79139   -1643157.858   -3664637.351    4939706.401
79140   -1643147.657   -3664638.877    4939708.879
79141   -1643137.475   -3664641.269    4939710.655
79142   -1643127.497   -3664644.135    4939712.046
79143   -1643117.306   -3664646.949    4939713.513
79144   -1643106.988   -3664649.662    4939715.128
79145   -1643097.069   -3664652.287    4939716.721
79146   -1643087.465   -3664654.831    4939718.369
79147   -1643078.041   -3664657.206    4939719.877
79148   -1643069.208   -3664659.334    4939721.294
79149   -1643061.528   -3664661.113    4939722.580
79150   -1643055.331   -3664662.507    4939723.602
79151   -1643050.618   -3664663.468    4939724.420
79152   -1643047.461   -3664664.052    4939724.991
79153   -1643045.106   -3664664.467    4939725.431
79154   -1643042.950   -3664664.815    4939725.864
79155   -1643040.724   -3664665.169    4939726.310
79156   -1643038.410   -3664665.507    4939726.828
79157   -1643035.761   -3664665.871    4939727.398
79158   -1643032.446   -3664666.292    4939728.177
79159   -1643028.814   -3664666.745    4939729.039
79160   -1643024.766   -3664667.257    4939730.023
79161   -1643020.399   -3664667.815    4939731.093
79162   -1643015.725   -3664668.424    4939732.198
79163   -1643010.852   -3664669.029    4939733.406
79164   -1643006.078   -3664669.593    4939734.597
79165   -1643001.399   -3664670.165    4939735.733
79166   -1642996.580   -3664670.765    4939736.902
79167   -1642991.623   -3664671.333    4939738.110
79168   -1642986.078   -3664671.848    4939739.520
79169   -1642979.661   -3664672.291    4939741.249
79170   -1642972.496   -3664672.600    4939743.257
79171   -1642964.904   -3664672.778    4939745.502
79172   -1642957.251   -3664672.913    4939747.795
79173   -1642949.778   -3664673.057    4939749.968
79174   -1642942.599   -3664673.181    4939752.016
79175   -1642935.948   -3664673.284    4939753.828
79176   -1642930.047   -3664673.296    4939755.496
79177   -1642924.775   -3664673.245    4939757.015
79178   -1642921.201   -3664673.146    4939758.062
79179   -1642919.073   -3664673.063    4939758.751
79180   -1642916.838   -3664672.945    4939759.489
79181   -1642914.524   -3664672.823    4939760.233
79182   -1642913.275   -3664672.704    4939760.686
79183   -1642912.288   -3664672.612    4939761.041
79184   -1642910.953   -3664672.445    4939761.591
79185   -1642908.485   -3664672.005    4939762.754
79186   -1642904.539   -3664670.949    4939764.869
79187   -1642899.733   -3664668.747    4939768.177
79188   -1642895.407   -3664664.919    4939772.399
79189   -1642893.009   -3664659.110    4939777.484
79190   -1642893.217   -3664651.817    4939782.794
79191   -1642895.168   -3664643.677    4939788.298
79192   -1642897.523   -3664635.149    4939793.915
79193   -1642899.778   -3664626.540    4939799.618
79194   -1642901.600   -3664618.390    4939805.056
79195   -1642902.546   -3664611.044    4939810.065
79196   -1642902.293   -3664604.215    4939814.956
79197   -1642900.600   -3664598.008    4939819.938
79198   -1642897.474   -3664592.947    4939824.678
79199   -1642893.085   -3664589.000    4939829.123
79200   -1642887.096   -3664585.947    4939833.469
79201   -1642879.626   -3664584.006    4939837.536
79202   -1642871.061   -3664583.045    4939841.194
79203   -1642861.531   -3664583.114    4939844.413
79204   -1642851.207   -3664583.500    4939847.658
79205   -1642840.163   -3664584.151    4939850.906
79206   -1642828.454   -3664585.036    4939854.151
79207   -1642816.246   -3664586.036    4939857.337
79208   -1642803.837   -3664587.257    4939860.431
79209   -1642791.519   -3664588.898    4939863.167
79210   -1642779.045   -3664591.067    4939865.726
79211   -1642766.830   -3664593.641    4939867.995
79212   -1642755.107   -3664596.415    4939869.940
79213   -1642743.671   -3664599.407    4939871.640
79214   -1642732.430   -3664602.639    4939873.061
79215   -1642721.543   -3664606.073    4939874.178
79216   -1642711.043   -3664609.520    4939874.968
79217   -1642700.830   -3664613.088    4939875.628
79218   -1642690.831   -3664616.706    4939876.198
79219   -1642680.953   -3664620.357    4939876.735
79220   -1642671.939   -3664623.640    4939877.303
79221   -1642664.148   -3664626.446    4939877.819
79222   -1642658.137   -3664628.970    4939877.997
79223   -1642654.345   -3664631.187    4939877.638
79224   -1642652.329   -3664633.134    4939876.981
79225   -1642651.439   -3664635.215    4939875.930
79226   -1642651.304   -3664637.755    4939874.360
79227   -1642651.820   -3664640.793    4939872.148
79228   -1642652.536   -3664643.690    4939869.854
79229   -1642652.889   -3664646.589    4939867.513
79230   -1642652.385   -3664649.606    4939865.295
79231   -1642650.878   -3664652.679    4939863.502
79232   -1642648.080   -3664655.721    4939862.355
79233   -1642644.438   -3664658.089    4939861.907
79234   -1642640.995   -3664659.814    4939861.851
79235   -1642638.690   -3664660.895    4939861.865
79236   -1642637.726   -3664661.314    4939861.877
79237   -1642637.683   -3664661.333    4939861.867
79238   -1642637.681   -3664661.336    4939861.880
79239   -1642637.681   -3664661.335    4939861.873
79240   -1642637.683   -3664661.337    4939861.872
79241   -1642637.690   -3664661.331    4939861.889
79242   -1642637.691   -3664661.331    4939861.888
79243   -1642637.687   -3664661.330    4939861.878
79244   -1642637.687   -3664661.329    4939861.886
79245   -1642637.688   -3664661.329    4939861.888
79246   -1642637.687   -3664661.333    4939861.881
79247   -1642637.688   -3664661.331    4939861.883
79248   -1642637.689   -3664661.328    4939861.885
79249   -1642637.686   -3664661.330    4939861.879
79250   -1642637.686   -3664661.330    4939861.878
79251   -1642637.686   -3664661.330    4939861.876
79252   -1642637.687   -3664661.324    4939861.878
79253   -1642637.688   -3664661.330    4939861.885
79254   -1642637.688   -3664661.328    4939861.876
79255   -1642637.685   -3664661.329    4939861.880
79256   -1642637.687   -3664661.326    4939861.886
79257   -1642637.688   -3664661.328    4939861.884
79258   -1642637.689   -3664661.327    4939861.889
79259   -1642637.685   -3664661.327    4939861.883
79260   -1642637.686   -3664661.330    4939861.879
79261   -1642637.688   -3664661.326    4939861.878
79262   -1642637.685   -3664661.332    4939861.880
79263   -1642637.686   -3664661.328    4939861.884
79264   -1642637.686   -3664661.324    4939861.890
79265   -1642637.685   -3664661.328    4939861.883
79266   -1642637.685   -3664661.326    4939861.877
79267   -1642637.686   -3664661.328    4939861.876
79268   -1642637.687   -3664661.328    4939861.885
79269   -1642637.687   -3664661.329    4939861.886
79270   -1642637.688   -3664661.326    4939861.884
79271   -1642637.687   -3664661.329    4939861.880
79272   -1642637.688   -3664661.325    4939861.881
79273   -1642637.685   -3664661.322    4939861.883
79274   -1642637.687   -3664661.328    4939861.881
79275   -1642637.689   -3664661.328    4939861.885
79276   -1642637.685   -3664661.327    4939861.884
79277   -1642637.686   -3664661.327    4939861.884
79278   -1642637.685   -3664661.327    4939861.887
79279   -1642637.686   -3664661.324    4939861.888
79280   -1642637.686   -3664661.327    4939861.886
79281   -1642637.685   -3664661.328    4939861.878
79282   -1642637.684   -3664661.325    4939861.879
79283   -1642637.686   -3664661.325    4939861.878
79284   -1642637.687   -3664661.331    4939861.888
79285   -1642637.685   -3664661.328    4939861.875
79286   -1642637.686   -3664661.324    4939861.880
79287   -1642637.688   -3664661.332    4939861.890
79288   -1642637.687   -3664661.326    4939861.889
79289   -1642637.686   -3664661.328    4939861.887
79290   -1642637.685   -3664661.328    4939861.887
79291   -1642637.687   -3664661.326    4939861.882
79292   -1642637.686   -3664661.328    4939861.878
79293   -1642637.684   -3664661.326    4939861.877
79294   -1642637.685   -3664661.326    4939861.884
79295   -1642637.685   -3664661.326    4939861.887
79296   -1642637.685   -3664661.326    4939861.881
79297   -1642637.687   -3664661.330    4939861.885
79298   -1642637.686   -3664661.330    4939861.878
79299   -1642637.686   -3664661.326    4939861.879
79300   -1642637.686   -3664661.329    4939861.874
79301   -1642637.683   -3664661.329    4939861.874
79302   -1642637.684   -3664661.323    4939861.883
79303   -1642637.687   -3664661.324    4939861.883
79304   -1642637.683   -3664661.324    4939861.877
79305   -1642637.685   -3664661.323    4939861.878
79306   -1642637.683   -3664661.325    4939861.877
79307   -1642637.683   -3664661.327    4939861.884
79308   -1642637.684   -3664661.326    4939861.883
79309   -1642637.687   -3664661.328    4939861.880
79310   -1642637.684   -3664661.326    4939861.879
79311   -1642637.686   -3664661.328    4939861.876
79312   -1642637.685   -3664661.323    4939861.881
79313   -1642637.684   -3664661.326    4939861.874
79314   -1642637.687   -3664661.331    4939861.883
79315   -1642637.688   -3664661.327    4939861.884
79316   -1642637.688   -3664661.325    4939861.886
79317   -1642637.685   -3664661.326    4939861.879
79318   -1642637.685   -3664661.327    4939861.875
79319   -1642637.684   -3664661.324    4939861.876
79320   -1642637.688   -3664661.326    4939861.887
79321   -1642637.687   -3664661.327    4939861.886
79322   -1642637.688   -3664661.327    4939861.882
79323   -1642637.685   -3664661.320    4939861.879
79324   -1642637.686   -3664661.322    4939861.881
79325   -1642637.687   -3664661.328    4939861.877
79326   -1642637.684   -3664661.323    4939861.876
79327   -1642637.687   -3664661.325    4939861.879
79328   -1642637.686   -3664661.323    4939861.881
79329   -1642637.686   -3664661.322    4939861.885
79330   -1642637.684   -3664661.328    4939861.873
79331   -1642637.685   -3664661.321    4939861.876
79332   -1642637.684   -3664661.324    4939861.871
79333   -1642637.685   -3664661.325    4939861.871
79334   -1642637.686   -3664661.328    4939861.876
79335   -1642637.685   -3664661.326    4939861.875
79336   -1642637.686   -3664661.323    4939861.887
79337   -1642637.685   -3664661.327    4939861.884
79338   -1642637.685   -3664661.326    4939861.882
79339   -1642637.686   -3664661.326    4939861.876
79340   -1642637.685   -3664661.326    4939861.875
79341   -1642637.688   -3664661.322    4939861.879
79342   -1642637.684   -3664661.327    4939861.870
79343   -1642637.685   -3664661.328    4939861.886
79344   -1642637.683   -3664661.327    4939861.870
79345   -1642637.592   -3664661.361    4939861.893
79346   -1642637.086   -3664661.573    4939861.908
79347   -1642636.090   -3664661.941    4939861.967
79348   -1642634.215   -3664662.503    4939862.215
79349   -1642631.500   -3664663.007    4939862.748
79350   -1642628.658   -3664663.343    4939863.433
79351   -1642625.798   -3664663.689    4939864.137
79352   -1642622.786   -3664664.338    4939864.627
79353   -1642619.517   -3664665.393    4939864.919
79354   -1642615.991   -3664666.782    4939865.048
79355   -1642612.335   -3664668.387    4939865.050
79356   -1642608.718   -3664669.988    4939864.969
79357   -1642605.052   -3664671.554    4939864.918
79358   -1642601.337   -3664673.078    4939864.944
79359   -1642597.685   -3664674.620    4939865.062
79360   -1642594.030   -3664676.137    4939865.197
79361   -1642590.157   -3664677.759    4939865.358
79362   -1642586.024   -3664679.533    4939865.471
79363   -1642581.765   -3664681.412    4939865.535
